MICROSAT-R DEB          
1 44134U 19006V   20034.98838084  .00044019  11352-5  56738-3 0  9996
2 44134  96.0412 228.6215 0554928  73.2542 292.8785 14.67940524 45206
MICROSAT-R DEB          
1 44147U 19006AJ  20033.97788637  .00156499  50499-5  13745-2 0  9997
2 44147  95.6964 214.7885 0462060  84.8516 280.5255 14.94673858 44657
MICROSAT-R DEB          
1 44154U 19006AR  20035.03128525  .00787776  10204-3  83186-2 0  9990
2 44154  96.6363 222.4312 0568233 203.2054 154.2555 14.68607083 42301
MICROSAT-R DEB          
1 44157U 19006AU  20022.22637609  .08272739  12302-5  32183-2 0  9998
2 44157  95.2971 198.4403 0047144  86.5286 274.1400 16.20930449 43340
MICROSAT-R DEB          
1 44160U 19006AX  20035.12233939  .00275548  11890-4  31364-2 0  9996
2 44160  95.2703 185.9071 0603586 123.6082 242.4243 14.59644255 43445
MICROSAT-R DEB          
1 44164U 19006BB  20010.44456791  .04595478  19990-5  23089-2 0  9997
2 44164  96.6072 261.8208 0035120  45.5984 314.8172 16.19112843 43508
MICROSAT-R DEB          
1 44166U 19006BD  20035.09156968  .00480481  42127-4  44647-2 0  9993
2 44166  95.6432 200.5464 0455035 134.7885 229.1309 14.95149312 43395
MICROSAT-R DEB          
1 44203U 19006CP  20034.91194248  .00231499  19488-4  71610-3 0  9996
2 44203  96.0991 265.1305 0102266 288.0979  70.9176 15.83398741 46493
MICROSAT-R DEB          
1 44216U 19006CS  20035.07310469  .00413944  15423-5  43386-3 0  9995
2 44216  95.9131 264.4538 0065601 211.8276 147.5518 16.05814498 43974
MICROSAT-R DEB          
1 44217U 19006CT  20035.16567520  .00405007  71846-4  64703-3 0  9995
2 44217  96.1126 272.2862 0055628 260.3813  99.1058 16.00574908 43833
MICROSAT-R DEB          
1 44381U 19006DC  20034.11286900  .00144947  30230-5  20383-2 0  9992
2 44381  94.6338 160.2818 0738876 136.7918 229.3744 14.26580610 37234
MICROSAT-R DEB          
1 44382U 19006DD  20034.36750663  .00078646  18364-5  71055-3 0  9991
2 44382  94.6803 183.3776 0423383 357.0746   2.8014 15.02402812 39421
MICROSAT-R DEB          
1 44383U 19006DE  20034.99983461  .00066641  14970-5  11795-2 0  9990
2 44383  96.1791 209.9908 0870691 178.3160 182.1306 13.93952586 36743
MICROSAT-R DEB          
1 44463U 19006DM  20035.14842087  .00180093  48736-5  32733-2 0  9995
2 44463  95.8563 185.7477 0967331 236.8645 113.6079 13.72488123 29884
MICROSAT-R DEB          
1 44470U 19006DU  20034.66067154  .00452369  29806-4  55934-2 0  9995
2 44470  95.4242 184.7334 0673988 163.4895 199.0327 14.42931699 28115
MICROSAT-R DEB          
1 44471U 19006DV  20009.83743225  .01171959  13753-5  82702-3 0  9990
2 44471  95.5004 220.8880 0044852 341.3992  19.3875 16.13750524 27328
MICROSAT-R DEB          
1 44472U 19006DX  20007.51722253  .03430623  87298-2  10544-1 0  9995
2 44472  96.4858 217.5492 0138976 202.2451 157.1985 15.79378567 24698
