UNKNOWN                 
1 81014U          20033.86627614  .00026308  00000+0  23580-2 0  9990
2 81014  51.3426 210.7149 2803916 243.4158  85.3402  9.65458585216418
UNKNOWN                 
1 81036U          20033.96531951  .00000613  00000+0  11224-2 0  9996
2 81036  65.9998 298.6994 2738429 320.5469  22.4394  9.12961493205989
UNKNOWN                 
1 81037U          20033.77422704  .00000838  00000+0  98181-4 0  9999
2 81037  62.2057  57.8739 0233762 192.7498 166.7609 14.75926595891315
UNKNOWN                 
1 81052U          20032.17225245 -.00000052  00000+0  16884-4 0  9999
2 81052  65.7795 260.2320 0656925 252.4733 100.3544 13.60119748307604
UNKNOWN                 
1 81067U          20034.19810284  .00001292  00000+0  70776-3 0  9997
2 81067  99.1046 128.6462 0055074 264.6015  94.8871 14.12970694259755
UNKNOWN                 
1 81069U          20034.38798318  .00000930  00000+0  16097-2 0  9996
2 81069 100.3033 187.4943 0078714 194.8543 165.0273 13.45849706227050
UNKNOWN                 
1 81073U          20033.43928580 -.00002847  00000+0 -54061-2 0  9996
2 81073  61.7196  91.0416 4697944 156.2238 235.5611  5.82480511475162
UNKNOWN                 
1 81078U          20034.04815220  .00000487  00000+0  15947-1 0  9990
2 81078  65.1173  42.3381 0170357 109.6833 285.3251 11.21623790254574
UNKNOWN                 
1 81096U 83075    20014.03973377  .00001125  00000+0  94856-4 0  9997
2 81096  97.4156 317.5600 0197800 208.8315 150.1858 14.86243531285035
UNKNOWN                 
1 81111U          20034.17493600  .00074100  00000+0  17703-2 0  9992
2 81111  62.7566 333.7173 4793520 275.7262  33.6403  6.09502971125167
UNKNOWN                 
1 81114U          20032.31716935  .00026864  00000+0  61865-3 0  9991
2 81114  63.0188 247.7779 0022160  38.7245 321.5458 15.42292959303097
UNKNOWN                 
1 81122U          20027.50405598 -.00000199  00000+0 -70930-4 0  9994
2 81122  97.6298 120.9429 0286800 175.1788 185.2255 14.04853681272071
UNKNOWN                 
1 81123U 70025    20034.04776775  .00000023  00000+0  72709-4 0  9994
2 81123  99.9724 331.1710 0002132 162.6736 197.4486 13.77278738311447
UNKNOWN                 
1 81134U          20034.05961302  .00000077  00000+0  25854-3 0  9992
2 81134  90.3046 311.5764 0025558 226.0917 133.8090 12.92275008186207
UNKNOWN                 
1 81161U          20034.16950584  .00000202  00000+0  27908-3 0  9996
2 81161 100.4213  27.3926 0064317 273.3995  85.9793 13.71323211262609
UNKNOWN                 
1 81182U          20032.70008092  .00036048  00000+0  22857-2 0  9999
2 81182  51.3582 187.8248 1573255  54.9461 318.9031 12.20225344205592
UNKNOWN                 
1 81219U 81053    20033.63248322  .00000067  00000+0  50003-4 0  9990
2 81219  82.9296 169.2887 0023035 116.4476 243.9049 13.79530678312288
UNKNOWN                 
1 81221U          20034.04752551  .00000570  00000+0  28649-3 0  9995
2 81221  98.8331 326.0432 0118307  19.3201 341.2403 14.16834347220589
UNKNOWN                 
1 81228U          20034.02000544 -.00002411  00000+0 -10837-2 0  9995
2 81228  70.5315 277.5944 0093459 250.8286 108.2702 14.18921898321189
UNKNOWN                 
1 81241U          20033.15719883  .00000510  00000+0  26841-3 0  9995
2 81241  81.2275 201.6889 0037842 241.9590 117.7753 14.12375909171619
UNKNOWN                 
1 81247U 81053    20034.08411530  .00003346  00000+0  92717-3 0  9994
2 81247  83.2485 172.6119 0030272 113.8899 246.5475 14.46110344325892
UNKNOWN                 
1 81254U 70025    20033.31115210  .00002289  00000+0  18038-2 0  9998
2 81254 100.3745 162.4195 0074738 270.8435  88.4157 13.91687277314482
UNKNOWN                 
1 81264U          20032.47796404  .00000944  00000+0  20118-3 0  9990
2 81264  99.4233 273.6773 0105888 342.1209  17.6273 14.58499222296075
UNKNOWN                 
1 81279U          20033.89315802  .00000160  00000+0  82309-4 0  9993
2 81279  98.0968 253.4921 0224622 132.7164 229.3166 14.13541355159856
UNKNOWN                 
1 81301U          20033.15543590  .00000028  00000+0  10310-3 0  9990
2 81301  66.7610   0.6741 0095399 232.7622 139.3147 13.75339857311899
UNKNOWN                 
1 81311U 90105    20034.06193233  .00000060  00000+0  24798-4 0  9994
2 81311  98.6764 324.5432 0139391 151.9982 220.6498 14.52938471328648
UNKNOWN                 
1 81317U 80089    20033.49129937  .00000019  00000+0  13955-3 0  9992
2 81317  67.1362 203.9727 0212907  87.2279 308.5912 13.37051634302447
UNKNOWN                 
1 81323U          20033.48831789  .00000921  00000+0  21170-3 0  9998
2 81323  65.7790 319.0257 0511221 334.7132  22.9686 14.02154380810623
UNKNOWN                 
1 81329U          20033.48800716 -.00000346  00000+0 -88377-4 0  9996
2 81329  65.8265 292.9872 0884419 270.1620 274.7907 13.12578068334566
UNKNOWN                 
1 81338U          20034.18927878  .00016817  00000+0  10437-2 0  9991
2 81338  74.0232 316.4872 0020303 206.9051 153.1090 15.09519773240625
UNKNOWN                 
1 81342U          20033.88843698  .00000818  00000+0  50293-3 0  9998
2 81342  70.9006 101.6625 0167504 306.0852  52.4848 14.01870229316656
UNKNOWN                 
1 81343U          20033.56643666  .00000298  00000+0  31756-4 0  9993
2 81343  85.8769 237.8109 0008987 292.4775  67.5496 14.84894296135643
UNKNOWN                 
1 81357U          20034.21403140  .00001412  00000+0  14445-3 0  9996
2 81357  97.5361 319.1617 0203555 299.9799  58.1345 14.78050648217806
UNKNOWN                 
1 81358U          20028.49779613 -.00005615  00000-0 -72071+0 0  9998
2 81358  62.6434  61.1979 0370276 129.5311 233.8804  9.81670356    16
UNKNOWN                 
1 81359U          20033.92366278  .00000067  00000+0  13892-3 0  9995
2 81359  66.8004 111.1780 0126428 340.0023  19.6116 13.74930439311020
UNKNOWN                 
1 81361U          20034.00352403  .00030712  00000+0  94036-3 0  9992
2 81361  98.4579 212.2266 0013092 306.7806  53.2231 15.33691030333577
UNKNOWN                 
1 81366U          20034.48207785  .00000094  00000+0  67338-4 0  9997
2 81366  65.8846  59.8025 0741962  24.2870 339.1332 13.38783016779416
UNKNOWN                 
1 81371U          20031.22416093  .00000201  00000+0  53632-4 0  9998
2 81371  98.8093 311.4160 0089457  94.7282 266.4138 14.57321774328970
UNKNOWN                 
1 81374U          20034.07416771  .00000489  00000+0  20383-3 0  9994
2 81374  65.7314  68.7859 0048353 212.5740 147.2367 14.34551578275959
UNKNOWN                 
1 81380U          20033.60511590  .00001275  00000+0  44185-3 0  9994
2 81380  99.8565 172.3912 0005977 161.6645 198.4754 14.37782805309797
UNKNOWN                 
1 81386U          20032.19674470  .00000522  00000+0  26840-3 0  9992
2 81386  71.0547 213.3762 0122885 160.7212 199.8622 14.15937933319848
UNKNOWN                 
1 81390U          20033.97339931  .00000071  00000+0  93576-3 0  9993
2 81390 103.0960 115.6374 0175190 278.5693  79.5547 12.33904485708362
UNKNOWN                 
1 81391U          20031.99517298  .00000752  00000+0  34330-3 0  9997
2 81391  81.2092 291.7460 0014138 169.8980 190.2484 14.20670974276051
UNKNOWN                 
1 81392U          20034.36225442  .00000826  00000+0  10367-2 0  9994
2 81392 100.4201 174.4998 0040861   6.8465  20.6747 13.67333680308808
UNKNOWN                 
1 81402U          20034.00044265  .00001638  00000+0  71216-3 0  9992
2 81402  98.7542  51.8133 0006930 231.9658 128.0896 14.25479042140002
UNKNOWN                 
1 81405U          20034.15531295  .00000398  00000+0  36603-3 0  9998
2 81405  99.5265  22.3645 0170156 131.3247 230.2691 13.82402091265702
UNKNOWN                 
1 81406U          20031.34029650 -.00000404  00000+0 -13308-3 0  9991
2 81406  65.8114 253.3781 0893238 183.6908 175.7224 13.04517413253729
UNKNOWN                 
1 81409U 87068    20033.88286194  .00001464  00000+0  55620-3 0  9990
2 81409  82.6678 206.6221 0061355 109.2185 251.5654 14.29422616322356
UNKNOWN                 
1 81418U          20034.29166893  .00000438  00000+0  96126-3 0  9996
2 81418 100.3184 158.6826 0053359 335.3786  24.4792 13.34420686113423
UNKNOWN                 
1 81425U          20034.22694942  .00001193  00000+0  15030-2 0  9991
2 81425  99.4195 135.0035 0095500 212.0146 147.5173 13.64099067149402
UNKNOWN                 
1 81427U          20031.49913017 -.00000229  00000+0 -11507-3 0  9993
2 81427  98.8998 303.5285 0087359 270.2390  88.8766 14.03111120251089
UNKNOWN                 
1 81438U          20033.31941174  .00001518  00000+0  26210-2 0  9999
2 81438 100.2844 175.3952 0077828 214.7195 144.8840 13.44797652303506
UNKNOWN                 
1 81449U 85042    20034.25782243  .00000342  00000+0  14947-3 0  9993
2 81449  66.8071 329.7741 0060025 328.8963  30.8589 14.34213618323825
UNKNOWN                 
1 81478U          20032.79109062  .00000403  00000+0  20603-3 0  9999
2 81478  99.1350 239.3839 0173892 333.6978  83.1830 14.13807379319484
UNKNOWN                 
1 81488U 75052    20033.30330160 -.00000117  00000+0 -10008-3 0  9994
2 81488 100.0652 190.6043 0044637 252.1373 225.5609 13.55378767306588
UNKNOWN                 
1 81497U          20034.14250425  .00001083  00000+0  13680-2 0  9992
2 81497 100.3113 101.8729 0028318  15.7071  14.5962 13.66257051922861
UNKNOWN                 
1 81499U          20033.45840367  .00000345  00000+0  12789-3 0  9997
2 81499  74.0529 206.8546 0002694  68.7998 291.3442 14.35892683174500
UNKNOWN                 
1 81509U          20033.29857148  .00004412  00000+0  11307-2 0  9999
2 81509  98.8876 161.6396 0028414 275.0300  84.7649 14.50632629153206
UNKNOWN                 
1 81521U          20034.04571778  .00002261  00000+0  48716-3 0  9994
2 81521  99.7000  69.3260 0009933  74.2057 314.2725 14.59653524328224
UNKNOWN                 
1 81535U          20034.50074541  .00000130  00000+0  75475-4 0  9992
2 81535  98.1905 288.3724 0252008 184.1118 175.7986 14.07255677 86114
UNKNOWN                 
1 81536U 73086    20034.43410697  .00000263  00000+0  19333-2 0  9991
2 81536 101.9874 198.1152 0020833  45.9704 342.9768 12.53662070283551
UNKNOWN                 
1 81537U 93016    20033.14522845  .00000014  00000+0  35527-4 0  9992
2 81537  71.0378 210.0532 0077447 134.5673 226.1803 14.05533496319570
UNKNOWN                 
1 81545U          20028.29861649  .00010692  00000+0  25715-2 0  9999
2 81545  98.9728 241.7257 0060358 311.6638  47.9397 14.52406633113846
UNKNOWN                 
1 81546U          20032.66458329  .00001487  00000+0  18494-3 0  9992
2 81546  66.8067 175.5017 0021441 303.3645  56.5430 14.85575636811059
UNKNOWN                 
1 81552U          20029.01141624  .00000440  00000+0  10555-2 0  9998
2 81552  99.0353 233.2237 0266026 108.8792 254.1368 13.15206392297077
UNKNOWN                 
1 81564U          20031.56178939  .00001391  00000-0  62746-3 0  9990
2 81564  81.1863 341.6745 0036866  80.3840 280.1499 14.21358451260651
UNKNOWN                 
1 81569U 95015    20034.00683675  .00000103  00000+0  19324-3 0  9998
2 81569  28.0763 277.7657 0316988 299.8583  79.6136 12.46224630285723
UNKNOWN                 
1 81579U          20033.51465049  .00003347  00000+0  22931-2 0  9997
2 81579 100.1478 303.1537 0227438 126.3230 235.9157 13.88653028312347
UNKNOWN                 
1 81599U          20033.90412448  .00000110  00000+0  31219-3 0  9992
2 81599  67.2939 216.2646 0258380 177.8131 255.3777 13.28787281300579
UNKNOWN                 
1 81614U 76077    20032.74655654 -.00007653  00000+0 -52200-1 0  9998
2 81614 101.1515 135.1458 0480079 128.0274 236.5130 12.18498774275785
UNKNOWN                 
1 81615U 92021    20034.11948541  .00000324  00000+0  15274-3 0  9997
2 81615  65.8319 306.7184 0821058  34.0398 331.0606 13.22818635299126
UNKNOWN                 
1 81617U 73086    20032.92525729  .00000035  00000+0  46870-3 0  9990
2 81617 101.3674 270.3385 0033937 140.5200 219.8356 12.56134732284217
UNKNOWN                 
1 81624U          20033.80999609  .00000349  00000+0  10705-3 0  9990
2 81624  66.9895 181.3793 0092518 190.2491 169.6737 14.50910524328091
UNKNOWN                 
1 81626U          20034.50850717  .00008043  00000+0  20507-2 0  9995
2 81626  71.0102 353.5696 0014165 181.7548 178.3546 14.50760738315840
UNKNOWN                 
1 81634U          20034.48207825  .00133288  00000+0  57487-2 0  9994
2 81634  51.7666 135.2785 1409946 144.9883 225.2471 12.61693003221926
UNKNOWN                 
1 81640U          20034.00186694  .00000003  00000+0  56620-4 0  9997
2 81640  65.8238 177.6766 0998107 223.9130 127.8246 12.55357713241362
UNKNOWN                 
1 81652U 76077    20033.89458316 -.00000073  00000+0 -16794-4 0  9993
2 81652 102.1589 177.5046 0381760  85.2353  65.0193 13.41124810291563
UNKNOWN                 
1 81661U          20032.49951787  .00000976  00000+0  29448-3 0  9990
2 81661  98.4352 306.3905 0069931 239.0935 120.3367 14.43336261224698
UNKNOWN                 
1 81667U          20032.72373972  .00000231  00000+0  86566-4 0  9995
2 81667  74.0449  32.6014 0017006 149.5016 210.7130 14.37027492148404
UNKNOWN                 
1 81674U          20034.16325295  .00000058  00000+0  85003-4 0  9990
2 81674  66.8264 320.9100 0034183 322.2693 102.7139 14.04793368312836
UNKNOWN                 
1 81678U          20034.06121736  .00001251  00000+0  20519-3 0  9993
2 81678  65.8318 249.9244 0050639 166.6012 277.0637 14.73933354331115
UNKNOWN                 
1 81683U          20034.32710454  .00000248  00000+0  69077-4 0  9997
2 81683  81.2247 354.5471 0029153 255.9209 103.8740 14.43433811326379
UNKNOWN                 
1 81696U          20034.36200033  .00000970  00000+0  10249-3 0  9990
2 81696  97.3890   6.7632 0226015 118.2192 244.2041 14.74298497195762
UNKNOWN                 
1 81721U          20030.73750824  .00005966  00000+0  15915-2 0  9998
2 81721  98.1434 139.7248 0372609 187.3004 172.2655 14.14687637226942
UNKNOWN                 
1 81732U          20033.34056248  .00001461  00000+0  17969-3 0  9997
2 81732  65.7360 160.1154 0290389 287.9464  69.0184 14.61173572328759
UNKNOWN                 
1 81745U          20034.27498789  .00000291  00000+0  13222-3 0  9992
2 81745  71.0054 334.1260 0008660 296.1668 215.1426 14.29801809323259
UNKNOWN                 
1 81775U          20034.29726777  .00000700  00000+0  32654-3 0  9993
2 81775  82.9306 151.5518 0025730 229.8578 130.0349 14.19000366320524
UNKNOWN                 
1 81792U          20033.98197065 -.00000287  00000+0 -76474-4 0  9990
2 81792  65.8248 184.2217 0914283 148.9281 216.9293 13.03899311295700
UNKNOWN                 
1 81794U          20033.87650438  .00003419  00000+0  50535-3 0  9995
2 81794  81.1867 228.3320 0004637 288.6799  71.3904 14.75046960331992
UNKNOWN                 
1 81795U          20031.65046684  .00036420  00000+0  20366-2 0  9998
2 81795   6.3430 172.5272 1733333  35.2690 335.0773 11.88656375186803
UNKNOWN                 
1 81798U          20033.89661267  .00002487  00000+0  63933-3 0  9993
2 81798  74.0174 204.9252 0050641  87.2775 273.4180 14.49952015275788
UNKNOWN                 
1 81813U          20033.16182571  .00000473  00000+0  15479-3 0  9992
2 81813  99.0476 172.8578 0017522   2.7357 357.3924 14.43345288325923
UNKNOWN                 
1 81816U 77121    20034.05267940  .00000088  00000+0  13262-3 0  9996
2 81816  66.2381 194.9403 0186856  48.7833 312.9175 13.83538793312935
UNKNOWN                 
1 81817U          20033.89392187  .00000728  00000+0  10221-3 0  9995
2 81817  65.7278  99.0711 0312621  64.7491 298.5664 14.56348413331843
UNKNOWN                 
1 81818U          20033.57815725  .00000077  00000+0  42128-4 0  9998
2 81818  65.7541  41.8514 0680096 198.0664 159.5123 13.69258453353926
UNKNOWN                 
1 81819U          20032.57773911  .00000120  00000+0  11717-2 0  9995
2 81819 102.2981  72.6844 0036486 145.8077 214.5347 12.44542311281365
UNKNOWN                 
1 81821U          20034.18935453  .00017673  83061-6  25955-3 0  9994
2 81821  34.0761  65.2014 2311174  63.9826 318.0131 10.88200750325462
UNKNOWN                 
1 81824U          20034.07775486  .00000203  00000+0  14451-3 0  9998
2 81824  65.8513 294.9286 0045702  36.5865 323.8326 14.16852169320289
UNKNOWN                 
1 81833U          20033.52196731  .00000105  00000+0  35949-3 0  9993
2 81833  90.3007 311.6661 0024951 220.1068 139.8209 12.92940552175899
UNKNOWN                 
1 81838U          20032.13190605  .00000325  00000+0  13580-3 0  9999
2 81838  67.7698 333.5318 0035187 254.0258 117.5774 14.36676526324499
UNKNOWN                 
1 81844U          20034.16616059  .00000703  00000+0  35119-3 0  9999
2 81844  82.9264 195.0601 0082733  96.8224 264.2376 14.13747444319354
UNKNOWN                 
1 81845U          20033.92374594  .00000163  00000+0  29799-4 0  9996
2 81845  97.9018 270.7972 0106224  50.3475 321.7447 14.74876484333498
UNKNOWN                 
1 81864U          20034.49652481 -.00000155  00000+0 -23265-4 0  9999
2 81864  65.6760 348.4087 0798860 213.3464 141.4753 13.25643261266837
UNKNOWN                 
1 81865U 87062    20034.49434340  .00000354  00000+0  31060-3 0  9995
2 81865  82.8058 228.6246 0070102 282.8779 105.1858 13.81972230312644
UNKNOWN                 
1 81872U          20034.11508088  .00033871  00000+0  23226-2 0  9994
2 81872  62.0120 242.9196 2112113 148.6168 226.0248 11.07834400 97803
UNKNOWN                 
1 81873U          20034.34131899  .00000840  00000+0  50969-3 0  9997
2 81873  99.1457  57.2900 0072325 336.4891  23.2977 14.07921379267514
UNKNOWN                 
1 81893U 70025    20033.83382306  .00000092  00000+0  15409-3 0  9996
2 81893 100.0340 256.8414 0018622 356.3616   3.7391 13.72153949310290
UNKNOWN                 
1 81899U          20034.36019286  .00000075  00000+0  33039-3 0  9991
2 81899 102.4350  94.0690 0170654  28.2176 332.8048 13.15293371297314
UNKNOWN                 
1 81902U          20034.21355339  .00001606  00000+0  23401-3 0  9995
2 81902  81.6333 221.4766 0303377   5.2014 355.2206 14.48546208326623
UNKNOWN                 
1 81905U          20033.21496480  .00013383  00000+0  75782-3 0  9994
2 81905  61.7774 316.2945 1770465 261.6520  78.0857 11.81587430409410
UNKNOWN                 
1 81921U          20032.71779553  .00000041  00000+0  50927-4 0  9993
2 81921  65.7072 189.8831 0895131 300.2121  51.3186 13.06928501748215
UNKNOWN                 
1 81946U 87079    20024.12501594 -.00000106  00000+0 -16891-3 0  9990
2 81946  66.4266 323.2497 0676060 309.7151  56.7040 12.41807274280908
UNKNOWN                 
1 81947U          20033.27343609  .00000194  00000+0  39457-4 0  9996
2 81947  66.0803 239.5408 0467940 348.8482  10.2508 14.30673211323385
UNKNOWN                 
1 81964U          20034.35379782  .00000003  00000+0  61682-4 0  9990
2 81964  66.5849 163.3105 0031296  51.8482 308.5410 13.94337795315670
UNKNOWN                 
1 81969U          20034.25992289  .00000344  00000+0  36999-4 0  9998
2 81969  86.6721 339.3953 0008869 250.6476 109.3790 14.85133930121236
UNKNOWN                 
1 81995U          20032.15755925  .00000283  00000+0  88977-4 0  9993
2 81995  65.7544 185.7659 0609693 266.8899  86.2281 13.81368422306999
UNKNOWN                 
1 82025U          20034.28776724  .00005761  00000+0  76361-3 0  9993
2 82025  74.0319  17.3221 0018109 256.8095 103.1061 14.79986487277868
UNKNOWN                 
1 82039U          20033.65533637  .00001500  00000+0  37690-3 0  9991
2 82039  99.0621 346.0569 0046180  68.2887 292.3213 14.52291307245458
UNKNOWN                 
1 82043U          20034.32674387  .00000222  00000+0  85515-4 0  9999
2 82043  97.9504 355.2689 0261975 319.9498  38.2620 14.21990895269145
UNKNOWN                 
1 82044U          20032.83037124  .00000311  00000+0  37907-3 0  9996
2 82044  99.9918  53.1875 0065856  25.8094 334.6314 13.73637185267678
UNKNOWN                 
1 82051U          20033.85908115  .00000571  00000+0  28561-3 0  9998
2 82051  98.8878  91.7961 0117056 314.7793  44.3905 14.17230511268144
UNKNOWN                 
1 82073U          20034.22462821  .00000052  00000+0  29646-4 0  9993
2 82073  97.7628 319.7909 0242336 248.0597 109.4669 14.26037144269389
UNKNOWN                 
1 82110U          20034.00927549  .00037606  00000+0  86213-2 0  9990
2 82110  51.5880 313.4662 1853925  93.4046 287.9387 11.34699705183466
UNKNOWN                 
1 82112U          20032.66341743  .00000893  00000+0  26672-3 0  9990
2 82112  98.6649 111.7632 0099593 300.6896  58.4508 14.42779001271988
UNKNOWN                 
1 82139U          20034.01507030  .00000170  00000+0  12871-3 0  9997
2 82139  99.1843  54.1762 0092877 262.3349  96.7262 14.05486117178865
UNKNOWN                 
1 82162U          20033.96114377  .00001134  00000+0  20995-2 0  9990
2 82162 100.4011 212.1791 0056139 314.4899  45.1646 13.41559733216559
UNKNOWN                 
1 82168U          20034.28309821  .00002277  00000+0  38156-3 0  9990
2 82168  74.0123  26.5820 0016294 258.4932 101.4409 14.70303089173715
UNKNOWN                 
1 82180U          20034.03093129  .00000222  00000+0  75277-4 0  9992
2 82180  65.6600 264.7463 0484925 193.2635 165.5314 14.04238069298479
UNKNOWN                 
1 82187U          20033.47707574  .00001771  00000+0  36641-3 0  9993
2 82187  70.9417 324.8117 0077724 290.7004  68.5822 14.59932649329435
UNKNOWN                 
1 82189U          20033.31531210  .00000032  00000+0  21081-4 0  9992
2 82189  74.0360   5.7309 0016781 351.6179   8.4690 14.33573205325582
UNKNOWN                 
1 82199U          20032.48119097  .00000151  00000+0  12276-3 0  9992
2 82199  82.9666  39.3525 0037446 350.0217 162.7556 13.83395049313461
UNKNOWN                 
1 82205U          20034.25816021  .00000317  00000+0  77173-4 0  9990
2 82205  62.9892 119.2230 0682714  93.8303 274.1012 13.78495802311882
UNKNOWN                 
1 82223U          20034.34722846  .00000411  00000+0  29024-3 0  9997
2 82223  99.3396 182.1964 0077920 123.7856 237.0761 14.02360222148265
UNKNOWN                 
1 82227U          20023.41085014  .00000010  00000+0  39101-3 0  9998
2 82227 101.7650   6.4591 0001195 201.7182 314.3021 12.41906793374207
UNKNOWN                 
1 82250U          20031.99725876  .00000803  00000+0  55398-3 0  9999
2 82250  98.9774 303.2170 0097276  40.3162  24.3701 13.99829013316042
UNKNOWN                 
1 82268U          20034.01678332  .00000791  00000+0  44402-3 0  9998
2 82268  99.1397 108.2690 0061031 249.7420 234.0003 14.12694510432757
UNKNOWN                 
1 82284U          20034.41856222  .00000994  00000-0  42099-3 0  9992
2 82284  99.5568 117.0726 0108067  82.3798 278.9637 14.24864507365637
UNKNOWN                 
1 82285U          20033.68094161  .00003138  00000+0  31858-2 0  9999
2 82285 102.0161 353.2907 0360260  46.4500 316.5960 13.52869051305056
UNKNOWN                 
1 82295U          20034.24070247  .00000112  00000+0  76029-4 0  9992
2 82295  66.6245 339.1161 0139736 287.8036  70.7855 14.25466449274396
UNKNOWN                 
1 82298U          20033.95069868  .00000983  00000+0  54581-3 0  9993
2 82298  99.0780 104.5354 0064349 267.3198  92.0607 14.12534577262618
UNKNOWN                 
1 82303U          20033.41845153  .00000037  00000+0  61867-4 0  9996
2 82303  81.9872 267.0434 0135126 309.7346 226.4171 13.22209647227560
UNKNOWN                 
1 82311U          20033.29139105  .00000291  00000+0  49356-3 0  9994
2 82311  99.4873 151.8486 0111757 281.7293  77.1322 13.51524569260937
UNKNOWN                 
1 82314U          20033.36327305  .00005805  00000+0  28404-3 0  9993
2 82314  99.2320   0.7703 0215584 359.2961   0.7923 15.00626598219423
UNKNOWN                 
1 82320U          20033.55440499  .00000398  00000+0  16314-3 0  9990
2 82320  99.8169 330.0315 0161018 200.4184 159.0507 14.27048137322427
UNKNOWN                 
1 82322U          20033.05796794  .00001040  00000+0  27037-3 0  9998
2 82322  98.6244  79.0272 0082436 142.5650 218.1324 14.49859991253656
UNKNOWN                 
1 82348U          20033.12304729  .00000680  00000+0  53376-3 0  9991
2 82348  63.7551  71.8228 3277739 312.7450  23.9738  8.38543333187628
UNKNOWN                 
1 82369U 99025    20033.52506051  .00000266  00000+0  21551-3 0  9995
2 82369  99.1087  66.8031 0085454 107.7254 253.3258 13.96928822258272
UNKNOWN                 
1 82381U          20034.30159035  .00000856  00000+0  29956-3 0  9999
2 82381  98.5080 228.2929 0018144 164.4664 195.7083 14.37581829201146
UNKNOWN                 
1 82383U          20034.29915291  .00002066  00000+0  32158-3 0  9996
2 82383  98.3175  57.8175 0005535 284.5329  75.5264 14.74114790230320
UNKNOWN                 
1 82402U          20033.85376399  .00000287  00000+0  30478-4 0  9996
2 82402  86.6718 339.6320 0008963 252.7867 107.2376 14.84973743135840
UNKNOWN                 
1 82410U          20034.33509783 -.00000159  00000+0 -85318-4 0  9997
2 82410  66.6559  66.8372 0063895 353.5786   6.4458 13.75965137292304
UNKNOWN                 
1 82428U          20033.90185762  .00008054  00000+0  87602-2 0  9991
2 82428  63.1621 318.4085 0091282  20.4000 340.0645 13.71550224124157
UNKNOWN                 
1 82432U 93036    20032.76157992  .00000172  00000+0  50448-4 0  9997
2 82432  74.0089  65.3584 0063196  28.1188 332.3360 14.50215743172016
UNKNOWN                 
1 82448U          20033.27908896  .00000281  00000+0  29666-4 0  9996
2 82448  85.8771 237.9361 0009003 293.5823  66.4455 14.84920182118323
UNKNOWN                 
1 82451U          20032.93016600  .00001862  00000+0  22740-3 0  9996
2 82451  66.5373 230.8957 0305947 260.6930  95.9470 14.58008841818482
UNKNOWN                 
1 82453U          20033.10256496 -.00000006  00000+0  28099-3 0  9990
2 82453 101.8739 350.9012 0093638 220.9741 138.4260 12.39482016280827
UNKNOWN                 
1 82458U          20007.35256057  .00000637  00000+0  40985-3 0  9993
2 82458  66.5101 335.8981 0067722   8.4465 351.7743 14.08570918303971
UNKNOWN                 
1 82464U          20032.58310392  .00001146  00000+0  36093-3 0  9997
2 82464  71.0002 113.5927 0090176 239.1555 184.6188 14.40245172324653
UNKNOWN                 
1 82475U          20033.29544878  .00000264  00000+0  18648-3 0  9992
2 82475  99.1885  56.7987 0106564 293.1705  65.8263 14.04172446245216
UNKNOWN                 
1 82481U          20032.68449604  .00005730  00000+0  43055-3 0  9995
2 82481  99.0297 197.3432 0039302 120.1747 240.3376 15.02480651135038
UNKNOWN                 
1 82484U          20034.42983514 -.00000009  00000+0  49047-4 0  9998
2 82484  99.6027 113.2892 0046091 190.7321 169.2837 13.55046160300842
UNKNOWN                 
1 82494U 93036    20034.53254760  .00000440  00000+0  12417-3 0  9994
2 82494  74.0218 133.3716 0010636  60.4210 299.8008 14.48623183171964
UNKNOWN                 
1 82500U          20032.66785268  .00000442  00000+0  28579-3 0  9993
2 82500  70.9720 136.8518 0140251  82.6243 279.0787 14.03384164317579
UNKNOWN                 
1 82517U          20033.81996255  .00000680  00000+0  20532-3 0  9994
2 82517  86.3893 273.6993 0015086 104.9708 255.3163 14.40959548114257
UNKNOWN                 
1 82524U          20033.94845031  .00001155  00000+0  53603-3 0  9994
2 82524  73.2906 225.0176 0176812  81.0739  66.6070 14.14020542273309
UNKNOWN                 
1 82526U          20027.30776793  .00000360  00000+0  26107-3 0  9993
2 82526  99.2633  53.6245 0111047 121.0822 240.1296 13.99972693220772
UNKNOWN                 
1 82529U          20033.61685407  .00000043  00000+0  13431-3 0  9992
2 82529  99.7300 165.1290 0245288  44.9791 328.3334 13.38235211303262
UNKNOWN                 
1 82545U          20033.43695022 -.00000034  00000+0  23116-3 0  9996
2 82545  64.8841  44.4346 0179826 338.6316  20.7169 11.30772506196907
UNKNOWN                 
1 82560U          20034.14566110  .00000257  00000+0  27074-3 0  9990
2 82560  99.9867 161.6215 0011919 152.6427  23.9603 13.85035446315282
UNKNOWN                 
1 82561U          20033.14838537  .00000301  00000+0  16721-3 0  9992
2 82561  63.1283 169.0951 0432133 304.3663 233.6339 13.88014924313599
UNKNOWN                 
1 82576U          20031.24758817  .00001050  00000+0  71960-3 0  9997
2 82576  99.2972  43.8934 0117488 132.9175 228.1920 13.98609013219833
UNKNOWN                 
1 82597U          20033.11539802  .00000224  00000+0  11783-3 0  9998
2 82597  66.7749 334.8616 0097713  92.0815 269.1476 14.28028116322831
UNKNOWN                 
1 82616U          20033.61210950  .00001921  00000+0  26995-3 0  9991
2 82616  97.2808 175.4186 0104828 151.6640 209.0328 14.74662870249056
UNKNOWN                 
1 82617U          20033.41484112  .00000051  00000+0  21637-4 0  9995
2 82617  74.0290 286.2942 0040030  36.1824 324.2030 14.46147181327218
UNKNOWN                 
1 82619U          20033.27842331  .00000272  00000+0  47245-3 0  9999
2 82619  66.1958 269.4452 0215810   4.9779 355.3349 13.49562183183060
UNKNOWN                 
1 82627U          20029.27540147 -.00000089  00000+0 -27739-3 0  9997
2 82627  82.4784 332.8469 0013140  38.8373 119.1482 13.13382633297092
UNKNOWN                 
1 82629U          20032.10183790  .00001323  00000+0  48409-3 0  9999
2 82629  81.1791 180.8495 0019861 329.1177  30.8836 14.32365277274591
UNKNOWN                 
1 82637U          20032.51749244  .00001883  00000+0  54446-3 0  9994
2 82637  99.5319 157.2438 0029730  36.5475 323.7734 14.45680626194066
UNKNOWN                 
1 82642U          20034.50823156  .00000171  00000+0  13640-3 0  9996
2 82642  99.0300 306.7948 0141619  44.5366 316.7078 13.98765318316498
UNKNOWN                 
1 82683U 99057    20034.09153072  .00000101  00000+0  57812-4 0  9991
2 82683  98.1284 257.2390 0229075 137.9176 223.9847 14.13358066159577
UNKNOWN                 
1 82693U          20034.21290086  .00000456  00000+0  68301-3 0  9990
2 82693 100.5330 159.9433 0048683 246.8625 112.7378 13.59274308262346
UNKNOWN                 
1 82698U          20033.37608155  .00000035  00000+0  84176-4 0  9993
2 82698  61.6136  70.0744 0720260 234.2698 118.9238 13.21126456255039
UNKNOWN                 
1 82708U          20031.65934249  .00000418  00000+0  18682-2 0  9992
2 82708 102.1488  13.5362 0064157 284.6343  74.7639 12.86712235247718
UNKNOWN                 
1 82729U          20034.19842472  .00000134  00000+0  58745-3 0  9993
2 82729  67.9456 237.8867 0842416  30.6598 334.0945 12.15693240274963
UNKNOWN                 
1 82737U          20034.21707053  .00010273  00000+0  15575-1 0  9997
2 82737 102.8939 303.1610 0308856 112.3743 251.0403 13.35171211257538
UNKNOWN                 
1 82739U          20034.12751160  .00000411  00000+0  41338-3 0  9998
2 82739  99.1046 260.5872 0183530 227.1225 288.5301 13.75960888311390
UNKNOWN                 
1 82741U          20034.12923275  .00000417  00000-0  61043-3 0  9991
2 82741 102.8797 102.7976 0206962 319.4820  39.1054 13.55522428306392
UNKNOWN                 
1 82742U          20032.21567415  .00001375  00000+0  64007-3 0  9996
2 82742  99.5894  38.0533 0056554   1.3915 358.7407 14.21613996238060
UNKNOWN                 
1 82748U          20033.66596811  .00013806  00000+0  42790-2 0  9990
2 82748 102.8008  11.7014 0016770 285.5950  74.3371 14.41265488243174
UNKNOWN                 
1 82755U          20033.85092806  .00002519  00000+0  47858-3 0  9994
2 82755  99.8178 359.8633 0001719 321.2845  38.8229 14.65332242329896
UNKNOWN                 
1 82783U          20034.24303049 -.00000055  00000+0 -18954-3 0  9993
2 82783  90.3330 334.3493 0024895  81.8645 278.5303 13.06171585224796
UNKNOWN                 
1 82785U          20033.92981661  .00000322  00000+0  10611-3 0  9998
2 82785  63.1350 200.9747 0318826 355.8927  80.4674 14.29606743323139
UNKNOWN                 
1 82820U          20034.16165836  .00000377  00000+0  19669-3 0  9995
2 82820  99.7811 285.3807 0060059 262.2181  97.2171 14.20498843320962
UNKNOWN                 
1 82829U          20021.68236111  .00000367  00000+0  11394-1 0  9996
2 82829  65.0902 272.5947 0163458  85.5597 309.3324 11.28850410243132
UNKNOWN                 
1 82854U          20031.45419590  .00000409  00000-0  35225-3 0  9993
2 82854  82.6914 290.8633 0133177 187.0703 172.8582 13.80471261784047
UNKNOWN                 
1 82873U          20033.63445690  .00000523  00000+0  32118-3 0  9990
2 82873 100.0135   3.4370 0048129  24.4398 335.9036 14.10322075318614
UNKNOWN                 
1 82875U          20032.83176019 -.00000015  00000+0  12135-4 0  9994
2 82875  98.6615  63.2048 0393128 283.6301  72.1388 14.10688608242334
UNKNOWN                 
1 82893U          20033.92917401  .00000822  00000+0  52150-3 0  9998
2 82893  98.9921 115.5542 0031929 336.4890  23.4817 14.06474735121651
UNKNOWN                 
1 82915U          20032.84595505  .00002397  00000+0  43240-3 0  9999
2 82915  74.0219  87.9766 0032107 291.3671  68.4072 14.66763865167660
UNKNOWN                 
1 82939U          20026.00824456 -.00000109  00000+0 -60585-2 0  9997
2 82939  86.1801  46.7136 1974128 298.1171  43.4109  8.76500361197739
UNKNOWN                 
1 82959U          20031.60777305  .00000204  00000+0  14622-3 0  9997
2 82959 100.0850 272.4685 0054761 315.9065  43.7741 14.09282407241724
UNKNOWN                 
1 82961U          20033.88448471 -.00000255  00000+0 -52308-3 0  9992
2 82961  99.8623   5.1402 0484025 186.6117 172.8434 12.86667246277812
UNKNOWN                 
1 82965U 70025    20033.88004106  .00000327  00000+0  54148-3 0  9995
2 82965 100.1876  14.3249 0002489  29.2530 330.8745 13.55264544234213
UNKNOWN                 
1 82991U          20034.13275346  .00002502  00000+0  48071-3 0  9990
2 82991  86.3228 186.5376 0021291 213.8539 146.1315 14.63158238171249
UNKNOWN                 
1 83903U          20033.88812446  .00000009  00000+0  00000+0 0  9999
2 83903  11.1643 313.1901 0129568 188.9715 334.6808  0.99113693 22455
UNKNOWN                 
1 83932U          20005.89292593  .00003820  00000+0  29300-2 0  9997
2 83932  21.0556 219.3377 6887150 262.6230  20.9115  2.74581935 30357
UNKNOWN                 
1 83934U          20034.02700417  .00000045  00000+0  00000+0 0  9994
2 83934  10.3544 318.0668 0221598 209.0335 336.9627  1.02659055 23315
UNKNOWN                 
1 83952U          20032.22525672  .00000391  00000+0  16342-2 0  9995
2 83952  20.6219  93.2935 7165846 299.4509   8.2312  2.31879398 34312
UNKNOWN                 
1 83970U          20034.26017990  .00000589  00000+0  32918-3 0  9997
2 83970  18.3246  73.2912 5263750  82.3789 331.8095  5.09894387 84949
UNKNOWN                 
1 83975U          20007.98028787  .00000001  00000+0  00000+0 0  9999
2 83975  19.5752   3.1128 7014090 209.1750  80.5007  2.15298019 35671
UNKNOWN                 
1 84006U          20031.95505203 -.00000045  00000+0  00000+0 0  9991
2 84006  22.6102 232.4240 6162192  57.1149 347.8582  2.16235613 37897
UNKNOWN                 
1 84026U          20034.28525381  .00020707  00000+0  96061-2 0  9992
2 84026  21.8187 262.6822 6271674  97.8335 332.7661  3.60221528 46473
UNKNOWN                 
1 84071U          20031.82469532  .00001507  00000+0  89218-3 0  9998
2 84071  20.7074 299.9670 7036681 219.3060  59.0556  2.56691736 47394
UNKNOWN                 
1 84079U          20032.80241394 -.00000495  00000+0 -32368-3 0  9990
2 84079  62.7638 113.6977 4050821 141.3186 256.2037  7.05006308153003
UNKNOWN                 
1 84136U          20023.51579737  .00013217  00000+0  10744-2 0  9994
2 84136  51.4358 319.1880 2261862 240.4928  95.1738 10.74664427268916
UNKNOWN                 
1 84170U          20028.96145641  .00003777  00000+0  13194-2 0  9991
2 84170  20.8656 249.8285 7028071 214.7967  67.5083  2.59396489 36742
UNKNOWN                 
1 84232U 79104    20028.95797022 -.00000199  00000+0  10740-3 0  9997
2 84232  20.3463 274.3245 6925292 274.1984  16.0339  2.67150438 43438
UNKNOWN                 
1 84249U          20008.63818479  .00006302  00000+0  37112-2 0  9999
2 84249  64.4017 255.2175 5748387  19.7761 355.6336  4.34602506 53202
UNKNOWN                 
1 84342U          20032.89956217  .00003502  00000+0  12739-2 0  9998
2 84342  21.8557 313.1247 5830606 256.8798  35.3955  4.25897867 52581
UNKNOWN                 
1 84346U          20010.33292470  .00004458  00000+0  65925-3 0  9998
2 84346  20.6318 209.3296 6978975 291.3899  10.7591  2.68291527 25530
UNKNOWN                 
1 84353U          20029.14454916 -.00000348  00000+0  00000+0 0  9994
2 84353  18.6903 108.6344 6703103 285.9373  13.9090  2.03732460 24404
UNKNOWN                 
1 84407U          20033.19433253 -.00000381  00000-0 -10052-1 0  9994
2 84407  18.8980 246.5506 7191199 328.7693   3.7106  2.05649130 31801
UNKNOWN                 
1 84414U          20032.98191112  .00019338  00000+0  10369-2 0  9994
2 84414  65.2160 109.9274 4393404  25.6890 350.8558  6.74399633 81757
UNKNOWN                 
1 84415U          20027.82535981  .00004245  00000+0  13291-2 0  9996
2 84415  23.7906 276.3364 5638274 169.8074 209.8441  4.55853808 64680
UNKNOWN                 
1 84452U          20033.99837042  .00005642  00000+0  44687-3 0  9991
2 84452   2.9806 339.4548 6427012 183.0649 169.5479  3.45706194 74921
UNKNOWN                 
1 84479U          20034.26611137  .00022644  00000+0  48805-2 0  9992
2 84479  23.5115 111.8567 5267488 250.2642  47.3659  5.16506683 44058
UNKNOWN                 
1 84481U          20029.10783434  .00002461  00000+0  21964-2 0  9994
2 84481  64.7678 298.6279 5927418   4.5019 359.1042  4.05225151 47979
UNKNOWN                 
1 84565U          20025.45865563  .00001150  00000+0  17544-2 0  9998
2 84565   2.0049 153.8661 7247824 149.4073 286.3856  2.27333323 14547
UNKNOWN                 
1 84575U          20034.35455486 -.00000154  00000+0 -11654-3 0  9999
2 84575  18.0707 149.8116 7137422 155.7575 269.1104  2.19810018 18399
UNKNOWN                 
1 84588U          20033.84324344  .00004879  00000+0  16519-2 0  9994
2 84588   2.4789  60.6994 7062364 257.7654  21.6050  2.55236773 51834
UNKNOWN                 
1 84597U          20029.28014182  .00000720  00000+0  43331-2 0  9996
2 84597  18.6747  91.8945 7280975 257.5741  19.3248  2.17626778 21706
UNKNOWN                 
1 84624U          20028.53045304  .00082634  00000+0  69270-2 0  9998
2 84624  64.1927 183.9400 5413298  15.1743 356.1162  4.99331744 46371
UNKNOWN                 
1 84911U          20022.62550039 -.00001024  00000+0 -11384-1 0  9995
2 84911   1.8908  73.5813 6568436  53.7798 335.0296  2.95732580 66859
UNKNOWN                 
1 84932U          20034.41686185 -.00000283  00000+0 -29234-2 0  9990
2 84932   2.4762 306.2877 6564101 298.0991 221.7383  2.98909320 67712
UNKNOWN                 
1 84950U          20034.45140733  .00000131  00000+0  00000+0 0  9995
2 84950   2.1768 297.6480 6954503  82.9731 321.6604  2.04144084 46267
UNKNOWN                 
1 84961U          20033.80325329  .00000045  00000+0  00000+0 0  9995
2 84961  10.5831 307.4224 0128921 219.7090 139.4213  0.98639576 22348
UNKNOWN                 
1 85001U          20031.96090873  .00037125  00000+0  49314-2 0  9992
2 85001  51.4527   9.4309 2916283   5.8491 356.9710  9.37618418224593
UNKNOWN                 
1 85004U          20034.24520925  .00000161  00000+0  68836-4 0  9997
2 85004  98.2578  50.0387 0052284  95.4927 326.1034 14.35672246324714
UNKNOWN                 
1 85010U          20033.97620208  .00000334  00000+0  42602-3 0  9992
2 85010  99.4175 285.8943 0027725  71.6912 300.4760 13.70415378310484
UNKNOWN                 
1 85011U          20033.83911094  .00003038  00000+0  13787-2 0  9999
2 85011  70.9813 343.2805 0033491 237.8705 121.9170 14.22348786117771
UNKNOWN                 
1 85015U          20032.63380255  .00000075  00000+0  22022-4 0  9991
2 85015  74.0487 163.3261 0015972 261.5673  98.3682 14.59618474330042
UNKNOWN                 
1 85023U          20034.36791848  .00000808  00000+0  36843-3 0  9995
2 85023  99.8634  76.7635 0001049 224.6404 202.2024 14.24997371321734
UNKNOWN                 
1 85025U          20034.14765050  .00001111  00000+0  84891-3 0  9993
2 85025  82.5400 355.7674 0025523  70.0364 290.3546 13.92539009267190
UNKNOWN                 
1 85027U          20033.47744301 -.00000062  00000+0  16828-4 0  9997
2 85027  66.0423 296.7250 0185455 247.3241 110.8121 13.73239998310661
UNKNOWN                 
1 85047U          20034.14208079 -.00000652  00000+0 -16428-2 0  9991
2 85047 102.3122 348.9288 0209404 264.5591  93.1590 13.05526185294693
UNKNOWN                 
1 85061U          20033.23826483  .00003855  00000+0  18681-1 0  9999
2 85061 102.4261 180.4339 0284077 331.1328 149.1572 12.62250890284542
UNKNOWN                 
1 85100U          20032.84988633  .00000042  00000+0  22153-4 0  9992
2 85100  74.0447 212.1127 0013608 253.4782 169.7447 14.38778601325314
UNKNOWN                 
1 85106U          20032.68486612  .00000124  00000+0  19612-3 0  9996
2 85106 100.1056 354.7232 0010814  44.3386 130.0064 13.70143621309647
UNKNOWN                 
1 85111U 73086    20025.91342891  .00000062  00000+0  68933-3 0  9995
2 85111 101.5603   8.5423 0005444 172.7710 187.3441 12.50777358197301
UNKNOWN                 
1 85117U          20032.60371112  .00003745  00000+0  55064-3 0  9991
2 85117  70.0329  19.8948 0058967  79.3457 281.4323 14.75081741281028
UNKNOWN                 
1 85124U          20033.97602153  .00002974  00000+0  48047-3 0  9998
2 85124  82.2354 140.8945 0399284  65.2409 298.9770 14.29472109161490
UNKNOWN                 
1 85133U          20033.34301666  .00000712  00000+0  33857-3 0  9995
2 85133  98.9209  76.3582 0025175   3.6013 356.5341 14.22485578226039
UNKNOWN                 
1 85151U 86019    20033.97480450  .00000853  00000+0  30187-3 0  9996
2 85151  98.5164 228.2733 0016499 151.8024 208.4059 14.37008791169994
UNKNOWN                 
1 85159U          20032.44308145  .00000828  00000+0  46138-3 0  9996
2 85159  98.8381 296.8810 0080122 225.9329 133.5227 14.12078934195890
UNKNOWN                 
1 85175U          20032.82274641  .00002294  00000+0  52821-3 0  9994
2 85175 101.3788  46.8394 0156383 205.1850 154.1649 14.49739876312180
UNKNOWN                 
1 85205U          20032.96382010  .00000060  00000+0  45827-4 0  9991
2 85205  82.9557 102.8747 0037795 154.9376 323.8272 13.76358121311844
UNKNOWN                 
1 85210U 75052    20033.99066218 -.00000361  00000+0 -31332-3 0  9990
2 85210  99.8084 110.6008 0220369  29.1675 142.9379 13.68034761309336
UNKNOWN                 
1 85217U          20033.63055515  .00000355  00000+0  12385-3 0  9995
2 85217  98.0000 281.6654 0241660  41.3152 320.6036 14.25563843322221
UNKNOWN                 
1 85220U          20034.22314580  .00001843  00000+0  54571-3 0  9991
2 85220  99.4023 133.4529 0183960  78.4424 283.7348 14.35429184323665
UNKNOWN                 
1 85237U          20033.46340832 -.00000049  00000+0  16966-4 0  9998
2 85237  65.5423 297.7587 0614475 261.1347  91.9708 13.79331973311788
UNKNOWN                 
1 85238U          20033.80190081 -.00000011  00000+0  24808-4 0  9999
2 85238  98.8049  25.8298 0062733 246.3879 235.2188 13.87916007313963
UNKNOWN                 
1 85246U          20034.28691157  .00000174  00000+0  82375-4 0  9993
2 85246  97.9946 211.6392 0241176  81.8159 281.0294 14.15241216320039
UNKNOWN                 
1 85266U          20034.15594492  .00001931  00000+0  11064-2 0  9992
2 85266  62.7225 324.3472 3678566 123.5292 277.2210  7.72968320174381
UNKNOWN                 
1 85283U 78098    20032.70686621  .00001908  00000+0  47981-3 0  9990
2 85283  99.7008 306.8323 0031813  52.8843 307.5248 14.52380623229491
UNKNOWN                 
1 85292U          20034.10613875  .00001168  00000+0  33509-3 0  9994
2 85292  65.8335 337.0037 0053889  18.5240 341.7805 14.47986996876466
UNKNOWN                 
1 85370U          20028.38510597  .00000294  00000+0  31318-3 0  9996
2 85370  99.9849  87.0845 0009519 218.5050 204.2408 13.83198245312123
UNKNOWN                 
1 85373U          20033.25851806  .00000755  00000+0  64438-3 0  9993
2 85373 100.3916 135.6108 0052888  58.0052 358.3931 13.90394229314027
UNKNOWN                 
1 85383U          20032.99296861  .00000850  00000+0  25862-3 0  9992
2 85383  98.6833 102.9101 0107082 316.9970  42.2885 14.41591246276318
UNKNOWN                 
1 85386U          20030.03553564  .00000787  00000+0  22306-3 0  9993
2 85386  98.6515 110.7832 0117008 272.7716 212.1511 14.44624339326089
UNKNOWN                 
1 85410U          20016.12638888  .00000006  00000-0  00000+0 0  9996
2 85410  80.0053  91.4245 0009717 273.3820 201.6190 13.14633027    10
UNKNOWN                 
1 85412U          20016.34702987  .00000012  00000-0  00000+0 0  9991
2 85412  88.9100  82.4227 0010130 287.1400 204.5700 13.55759361    14
UNKNOWN                 
1 85430U          20021.86902543 -.00000074  00000-0  00000+0 0  9993
2 85430  67.2351 359.9023 0009573 357.1340   2.9687 13.94365943   317
UNKNOWN                 
1 85431U          20021.86759573 -.00000075  00000-0  00000+0 0  9998
2 85431  67.1731 359.8537 0019827 304.8192  55.1025 13.95094039   317
UNKNOWN                 
1 87001U          20033.91794542  .00002703  00000+0  12765-1 0  9998
2 87001 105.1195  19.0845 0075325 164.8491 195.4857 12.75682174286763
UNKNOWN                 
1 87011U          20032.59884171  .00000098  00000+0  29553-3 0  9990
2 87011  67.0379 101.8375 0262826   7.2660 353.2079 13.27649596300366
UNKNOWN                 
1 87013U          20025.16232376 -.00000805  00000+0 -92160-3 0  9993
2 87013  65.5076 293.6254 1317776 280.2678  65.2649 11.83299693124860
UNKNOWN                 
1 87014U          20034.51334828  .00000663  00000+0  12546-2 0  9997
2 87014 100.4995 233.2341 0055185 311.1958 104.8582 13.42095770303248
UNKNOWN                 
1 87021U          20034.42386753  .00362856  24668-4  28618-2 0  9992
2 87021  63.2533 164.8339 0686457 314.6277  40.0719 14.47467448200183
UNKNOWN                 
1 87027U          20032.03114484 -.00000011  00000+0  00000+0 0  9997
2 87027  64.3097  20.7251 3746589  67.9471 327.3447  6.72372688114081
UNKNOWN                 
1 87029U          20032.99359472 -.00000067  00000+0 -15864-4 0  9993
2 87029  98.9901 101.0881 0069266  80.9518 279.9477 13.99802431293170
UNKNOWN                 
1 87041U          20033.94428886  .00000023  00000+0  41273-3 0  9991
2 87041  67.3175 146.3383 0354520   2.0564 358.1804 12.43353104283889
UNKNOWN                 
1 87042U          20034.14756708  .00000022  00000+0  42046-4 0  9991
2 87042  98.9387 107.7790 0044300 323.1289  36.6834 14.03510518253588
UNKNOWN                 
1 87051U          20034.27079493  .00000134  00000+0  80798-4 0  9994
2 87051  65.7292 257.8399 0760916  18.5939 344.1350 13.35719905302177
UNKNOWN                 
1 87053U          20034.16648868  .00036204  11165-5  10416-2 0  9997
2 87053  63.0901 346.7560 2715065  49.3607 331.3588  9.98155409215885
UNKNOWN                 
1 87054U          20033.15597421  .00000890  00000+0  64662-3 0  9999
2 87054 100.0838  14.4203 0013368 255.7775 104.1901 13.99428377316132
UNKNOWN                 
1 87065U          20033.76097074  .00000761  00000+0  98865-3 0  9996
2 87065  98.7208 155.2280 0336909   0.2644 359.8611 13.43506242228826
UNKNOWN                 
1 87071U          20034.40329866  .00000119  00000+0  10352-3 0  9994
2 87071  61.2301   3.6301 0559191 299.6716  54.9735 13.65007650309133
UNKNOWN                 
1 87074U          20034.49957224  .00000023  00000+0  10497-3 0  9995
2 87074  66.1429  42.5224 0151206 359.6941   0.4004 13.70005834310022
UNKNOWN                 
1 87076U          20033.76887650  .00000088  00000+0  39064-3 0  9993
2 87076  67.7597 149.9993 0642152 187.9526 171.0913 12.54698722284252
UNKNOWN                 
1 87079U          20034.11023108  .00001172  00000+0  13564-3 0  9998
2 87079  70.3260 291.4357 0033535 231.2272 128.5887 14.87862660333994
UNKNOWN                 
1 87082U          20033.75625146  .00002308  00000+0  16342-3 0  9990
2 87082  97.4292  17.7965 0170471  85.4238 276.6432 14.94728884287131
UNKNOWN                 
1 87091U          20032.66594551  .00004396  00000+0  26543-3 0  9997
2 87091  65.7028  16.1375 0171530 247.1006 111.1934 15.00478902335877
UNKNOWN                 
1 87094U          20033.97100979  .00001988  00000+0  52642-3 0  9995
2 87094  99.7886  46.3177 0131083 250.2441 108.4570 14.45248653325051
UNKNOWN                 
1 87107U          20033.27604954  .00009790  00000+0  75925-3 0  9993
2 87107  98.9072  50.8426 0021211 350.5715   9.5105 15.01466832288440
UNKNOWN                 
1 87113U          20033.55372487  .00000965  00000+0  17146-3 0  9990
2 87113  65.6657  76.5147 0378264 237.6614 277.7011 14.34972287323567
UNKNOWN                 
1 87129U          20033.81298612  .00000067  00000+0  83122-3 0  9993
2 87129 102.4109  64.6627 0029734  60.1156 300.2856 12.41941505280940
UNKNOWN                 
1 87134U          20034.50663041  .00000305  00000+0  62982-3 0  9994
2 87134  66.6755  76.5937 0464271 203.8274 154.0640 13.09288155296141
UNKNOWN                 
1 87143U          20033.15451181  .00000027  00000+0  00000+0 0  9994
2 87143  26.2152 322.5959 3744189 325.6815  14.9865  6.74309153152766
UNKNOWN                 
1 87149U          20033.17038563 -.00002377  00000+0 -21068-2 0  9999
2 87149  62.9418 325.6455 3274431 217.8809 113.9634  8.35308952188096
UNKNOWN                 
1 87159U          20034.17515011  .00000498  00000-0  61716-3 0  9995
2 87159  90.3066 359.0484 0121831  93.2509 268.2594 13.60554437265358
UNKNOWN                 
1 87163U          20034.41077484  .00000168  00000+0  80965-4 0  9995
2 87163  65.6029  33.5606 0720295 274.8348  77.0889 13.50078150287814
UNKNOWN                 
1 87164U          20034.09969594  .00000094  00000+0  57216-4 0  9993
2 87164  65.2054 294.7449 0155077 227.1702 131.6271 14.40205862326515
UNKNOWN                 
1 87180U          20034.35253728  .00000693  00000+0  69981-3 0  9991
2 87180  65.9180 334.6960 0035669 271.5583  88.1399 13.83443214312665
UNKNOWN                 
1 87203U          20033.86004499  .00001197  00000+0  30112-3 0  9995
2 87203  98.8960 265.9636 0066746   5.0388 355.1463 14.51935834240941
UNKNOWN                 
1 87204U          20033.59058589  .00000411  00000+0  21062-3 0  9997
2 87204  98.7491 266.6538 0052397  53.3669 307.2309 14.20098770321058
UNKNOWN                 
1 87211U          20034.39551731  .00000280  00000+0  12109-3 0  9997
2 87211  99.0656 265.8782 0068144 302.7494 231.9608 14.31367923400794
UNKNOWN                 
1 87213U          20033.04476604  .00001710  00000+0  24649-3 0  9996
2 87213  99.0265 110.6438 0065807 342.0935  17.7953 14.76483300244568
UNKNOWN                 
1 87214U          20034.09960611  .00000634  00000+0  66585-3 0  9998
2 87214 100.3109 172.9793 0076906 322.4934  37.0863 13.78236320882449
UNKNOWN                 
1 87222U          20031.72803334  .00003454  00000+0  24528-3 0  9996
2 87222  98.9836 205.2597 0068924 270.0842 154.7136 15.03700535425836
UNKNOWN                 
1 87228U          20034.04529720  .00001561  00000+0  59587-3 0  9994
2 87228  98.9251 126.8893 0044576 270.7287  88.8788 14.31734435297447
UNKNOWN                 
1 87235U          20034.12277608  .00000643  00000+0  25945-3 0  9997
2 87235  98.8964 154.3878 0153129 292.6395  65.8650 14.25434039280054
UNKNOWN                 
1 87237U          20030.27941271  .00000010  00000+0  44382-4 0  9990
2 87237  99.4710  38.4725 0104964 284.4968 141.5218 13.89820508313871
UNKNOWN                 
1 87239U          20033.74950397  .00000828  00000+0  34973-3 0  9997
2 87239  82.8842  40.2959 0032314 112.8807 247.5793 14.24230765321627
UNKNOWN                 
1 87245U          20034.53132924  .00000372  00000+0  12312-3 0  9997
2 87245  65.6610 221.8374 0516979  65.8665 330.1571 13.92753690314825
UNKNOWN                 
1 87256U          20032.44375812  .00000060  00000+0  63064-4 0  9997
2 87256  98.9197 106.1533 0044653 292.7686  66.8767 14.05943022282624
UNKNOWN                 
1 87271U          20034.37362143  .00000785  00000+0  21878-3 0  9991
2 87271  65.7760  11.9717 0554919  65.1973 300.5764 13.87433949313382
UNKNOWN                 
1 87280U          20033.64343576 -.00000015  00000+0  10880-3 0  9997
2 87280  64.6173 117.5365 0099371  36.1134 324.6561 13.46776436245509
UNKNOWN                 
1 87293U          20034.02411508  .00000557  00000+0  16951-3 0  9990
2 87293  65.9099 266.9461 0520587  55.3303 309.5699 13.91990287314546
UNKNOWN                 
1 87300U          20034.15465780  .00000061  00000+0  87482-4 0  9992
2 87300 100.0584 156.2563 0034493 189.7996 170.2492 13.92365785314875
UNKNOWN                 
1 87304U          20031.05591898  .00000119  00000+0  26420-4 0  9991
2 87304  74.0196 160.2350 0021890 310.4086  49.5173 14.67930763331608
UNKNOWN                 
1 87305U          20034.39555214  .00000993  00000+0  20411-3 0  9997
2 87305  73.9974  22.0528 0036941 326.2470  33.6344 14.61614662160434
UNKNOWN                 
1 87313U          20033.68039964  .00000029  00000+0  77979-4 0  9998
2 87313  65.8429 133.7585 0218260 311.4004  46.8481 13.88524472314139
UNKNOWN                 
1 87320U          20033.89767079  .00000379  00000+0  29550-3 0  9993
2 87320  66.5976  99.7011 0454642 325.1349  32.0685 13.61624749301854
UNKNOWN                 
1 87328U          20033.13078674  .00001737  00000+0  19808-3 0  9998
2 87328  65.7624 293.1709 0258980 327.7133  30.8342 14.68046841330445
UNKNOWN                 
1 87331U          20034.47437058  .00004635  00000+0  18793-3 0  9997
2 87331  66.9059 104.6776 0018046 349.3678  10.7086 15.25576744342095
UNKNOWN                 
1 87333U          20034.38775027 -.00000011  00000+0  58252-4 0  9990
2 87333  66.5372  47.6772 0022950 158.5582 201.6459 13.85817929313816
UNKNOWN                 
1 87334U          20034.14916653 -.00000143  00000+0 -21154-3 0  9994
2 87334  89.9807 271.7768 0068222 213.4568 146.2269 13.56856097 93579
UNKNOWN                 
1 87335U          20034.40367347  .00001868  00000+0  25407-2 0  9991
2 87335  89.9696 271.3158 0084124 196.5015 163.3399 13.57381470 93632
UNKNOWN                 
1 87342U          20034.46697388  .00008009  00000+0  13397+0 0  9992
2 87342 102.6706 258.9396 0723268  50.0958 316.1380 11.26435866254279
UNKNOWN                 
1 87350U          20033.43613516  .00000347  00000+0  12398-3 0  9999
2 87350  98.0866 290.8602 0255389  90.4003 272.6443 14.22756877321549
UNKNOWN                 
1 87359U          20033.77197341  .00000074  00000+0  17190-3 0  9990
2 87359  65.8480 217.1864 0141698 221.2379 137.7908 13.66659119310409
UNKNOWN                 
1 87382U          20033.06321126  .00014560  00000+0  27683-2 0  9990
2 87382  70.9724 152.5933 0029082 259.3153 100.4720 14.63934609241428
UNKNOWN                 
1 87397U          20033.35134826  .00001202  00000+0  23131-3 0  9991
2 87397  81.2371 250.9395 0012732 355.7935   4.3155 14.63027536242679
UNKNOWN                 
1 87405U          20033.45710598  .00001208  00000+0  98690-3 0  9996
2 87405  82.7592 291.5897 0056864 325.3278  34.4182 13.88195500313648
UNKNOWN                 
1 87415U          20033.84877234  .00000896  00000+0  85163-3 0  9994
2 87415  65.3563 187.9409 0014542  95.9271 264.3452 13.86035999313109
UNKNOWN                 
1 87416U          20033.24166799  .00001053  00000+0  44243-3 0  9996
2 87416  82.8372 327.7756 0015042 176.2089 183.9211 14.25012434303063
UNKNOWN                 
1 87423U          20033.29495457  .00003750  00000+0  44386-3 0  9999
2 87423  98.8233 340.7072 0058425 277.5186  81.9391 14.84107245241905
UNKNOWN                 
1 87426U          20034.11084584  .00000684  00000+0  40146-3 0  9992
2 87426  65.8092 261.3252 0086352 327.1238 113.4938 14.12731954319267
UNKNOWN                 
1 87433U          20033.79824686  .00000398  00000+0  87383-3 0  9994
2 87433 100.2840 158.8369 0040794 327.4344  32.4265 13.35230304146572
UNKNOWN                 
1 87442U          20034.01176870  .00158770  00000+0  17777-1 0  9991
2 87442  62.0510 232.6343 0399668 113.5330 250.8249 14.42174326137747
UNKNOWN                 
1 87448U          20034.30324484  .00000656  00000+0  63364-3 0  9999
2 87448 100.4223 330.2775 0069152 306.0825  53.3934 13.83348728312874
UNKNOWN                 
1 87455U          20033.54145803  .00010412  00000+0  51184-3 0  9996
2 87455  63.3885 343.1744 3004305 249.5429  76.0561  9.34503577206051
UNKNOWN                 
1 87456U          20032.04045316  .00000208  00000+0  61022-4 0  9994
2 87456  65.7896 201.9866 0624057   0.9304 359.2769 13.85515563312981
UNKNOWN                 
1 87468U          20034.10955051  .00001182  00000+0  15310-3 0  9992
2 87468  74.0152 173.5136 0067791 121.5688 239.2131 14.80496472162321
UNKNOWN                 
1 87491U          20034.40899232  .00001491  00000+0  38607-3 0  9996
2 87491  98.6677  81.7925 0073835 216.6045 143.0091 14.49805926271114
UNKNOWN                 
1 87501U          20033.89915653  .00002681  00000+0  87806-3 0  9993
2 87501  74.0355 251.3707 0026265 128.9251 231.4251 14.38730688159417
UNKNOWN                 
1 87517U          20033.49929194 -.00000709  00000-0 -18277-3 0  9999
2 87517  65.8278 312.3715 0740657 243.7439 298.8986 13.45148013303993
UNKNOWN                 
1 87518U          20034.01786136  .00040208  00000+0  11062-2 0  9995
2 87518  65.7889 145.4736 0016046 283.7209  76.2149 15.36844675339678
UNKNOWN                 
1 87520U          20033.75368619  .00002086  00000+0  48300-2 0  9997
2 87520 101.6283  32.4500 0190734 310.7843  47.6854 13.20109273297414
UNKNOWN                 
1 87521U          20031.85760603  .00002301  00000+0  43168-3 0  9994
2 87521  63.3713 233.8155 2332669 311.9774  30.4170 10.45451628186295
UNKNOWN                 
1 87541U          20034.24292477 -.00000113  00000+0 -13657-3 0  9992
2 87541  99.9238 304.2460 0060923  14.1481 139.7767 13.34822763296539
UNKNOWN                 
1 87553U          20034.46342725  .00000185  00000+0  98373-4 0  9997
2 87553  65.6746  62.6355 0731549  91.7328 276.7578 13.41426920303516
UNKNOWN                 
1 87557U          20033.30713036  .00001974  00000+0  56012-2 0  9999
2 87557 101.8110 341.2982 0096573 344.1924  15.6173 13.11181788283243
UNKNOWN                 
1 87561U          20034.13566038 -.00000028  00000+0  14322-3 0  9993
2 87561 102.2673 101.6237 0175781 230.3838 159.5946 12.32218928278910
UNKNOWN                 
1 87565U          20033.83708950 -.00000290  00000+0 -13955-3 0  9997
2 87565  99.9562 168.8874 0183719 167.7822 192.7885 14.00269697316607
UNKNOWN                 
1 87569U          20033.47826598 -.00000061  00000+0 -72816-4 0  9998
2 87569 101.7987 123.6145 0056248 154.4351 266.7087 12.68464490287096
UNKNOWN                 
1 87574U          20033.50689403  .00006864  00000+0  11023-2 0  9996
2 87574  73.9959 223.7062 0068574  59.4245 301.3667 14.70221907217421
UNKNOWN                 
1 87587U          20033.48203807  .00000010  00000+0  11825-4 0  9996
2 87587  74.0245  95.1038 0022142 288.7307  71.1444 14.38809903325906
UNKNOWN                 
1 87590U          20034.05617288 -.00000050  00000+0 -29028-5 0  9997
2 87590  99.0421  69.2095 0027699 171.3336 214.7839 14.07425973854074
UNKNOWN                 
1 87591U          20033.72395769  .00000934  00000+0  46547-3 0  9990
2 87591  81.2219 191.4862 0031325 205.0822 154.8832 14.16017249269765
UNKNOWN                 
1 87594U          20033.76001114 -.00000062  00000+0  48731-4 0  9996
2 87594  63.1331 116.5170 0088728  85.5255 275.5899 13.44776791304355
UNKNOWN                 
1 87616U          20033.96199161  .00000454  00000+0  17074-2 0  9991
2 87616  66.0392  25.6486 0648368 328.2150  56.2616 12.44525539269770
UNKNOWN                 
1 87624U          20034.42943574  .00000222  00000+0  61956-4 0  9990
2 87624  98.7760 202.1809 0130005 310.3310  48.6584 14.52165274268770
UNKNOWN                 
1 87632U          20034.06742435  .00000218  00000+0  14713-1 0  9993
2 87632  86.1551 253.8914 1849461  77.6416 302.4357  8.77994485144431
UNKNOWN                 
1 87642U          20034.06404018  .00002133  00000+0  14229-3 0  9998
2 87642  62.2268 213.5390 0192393  28.5725 332.5747 14.96804360330136
UNKNOWN                 
1 87656U          20030.39177382  .00000386  00000+0  10893-3 0  9997
2 87656  99.1349  89.6550 0011603 334.3650  25.6966 14.51803105688135
UNKNOWN                 
1 87664U          20027.09511149  .00000196  00000+0  64050-3 0  9995
2 87664  99.7535  84.1991 0219036 212.9260 177.1893 13.05974044261064
UNKNOWN                 
1 87672U          20033.33192670 -.00000180  00000+0 -62344-4 0  9992
2 87672  70.8606 258.3568 0066908 267.5820  91.7642 14.17805960320404
UNKNOWN                 
1 87681U          20034.19414296  .00000010  00000+0  90550-4 0  9998
2 87681  66.7377 101.5077 0156687 134.6757 226.7202 13.66643769309144
UNKNOWN                 
1 87690U          20033.22065250  .00000623  00000+0  12998-3 0  9992
2 87690  65.8008  18.6673 0676646  30.6786 333.2072 13.76929147311122
UNKNOWN                 
1 87692U          20034.48844418  .00009152  00000+0  94945-3 0  9992
2 87692  70.8631  73.6032 0011804 258.8803 101.1031 14.90157705332035
UNKNOWN                 
1 87706U          20034.09983889  .00000218  00000-0  65818-4 0  9994
2 87706  98.4876 142.5645 0136380 311.3271 173.4329 14.47475025267944
UNKNOWN                 
1 87725U          20034.04447956  .00000605  00000+0  20186-3 0  9997
2 87725  82.8960 260.0127 0033940 317.1445  42.7100 14.35820728324087
UNKNOWN                 
1 87727U          20033.60394317  .00004891  00000-0  99313-3 0  9992
2 87727  70.9865  99.7915 0027856 257.4762 102.3269 14.61415269328318
UNKNOWN                 
1 87730U          20034.23418565  .00000049  00000+0  36257-4 0  9997
2 87730  82.9450  16.5410 0029250 202.6410 157.3458 13.74144213291471
UNKNOWN                 
1 87732U          20033.30844512  .00017644  00000+0  10694-2 0  9995
2 87732  98.6998 224.3660 0058167   8.3144 351.9031 15.09217815244830
UNKNOWN                 
1 87737U          20034.40411884 -.00000027  00000+0  20053-4 0  9994
2 87737  99.6839 251.9431 0133415 336.8438  22.6732 13.71977056310478
UNKNOWN                 
1 87764U          20034.14151495  .00000222  00000+0  77270-4 0  9993
2 87764  65.6750  91.1099 0483093  50.6141 340.7993 14.03245249961113
UNKNOWN                 
1 87771U          20034.19919668 -.00000048  00000+0 -53172-5 0  9994
2 87771 100.5586 169.8156 0120980 179.1591 180.9747 13.18971518252982
UNKNOWN                 
1 87782U          20034.28590202  .00000355  00000+0  15747-2 0  9997
2 87782 102.4126 343.8443 0054346 232.7671 126.8453 12.89191583291399
UNKNOWN                 
1 87784U          20030.38048340  .00025856  00000+0  13521-2 0  9998
2 87784  62.1555 271.8260 1248471 243.4589 103.3235 12.92219953132060
UNKNOWN                 
1 87817U          20034.31089288  .00001107  00000+0  10453-3 0  9993
2 87817  62.7669 248.4611 0127666 262.6654  95.9916 14.94295643365251
UNKNOWN                 
1 87818U          20033.65397859  .00008029  00000+0  15599-2 0  9991
2 87818  61.8829 288.2365 3889374 145.3731 247.6269  7.51490030118137
UNKNOWN                 
1 87841U          20033.98864983  .00000451  00000+0  26771-3 0  9996
2 87841 102.8886 314.2847 0200728 265.1233  92.6976 14.06465883317503
UNKNOWN                 
1 87843U          20032.00941667  .00000009  00000+0  12156-3 0  9996
2 87843  99.6670 312.3487 0251877 306.9300  50.8978 13.09613589283328
UNKNOWN                 
1 87845U          20033.45889573  .00000383  00000+0  79798-3 0  9995
2 87845  98.8435  33.4392 0594341 114.7172 251.6977 12.83817719290188
UNKNOWN                 
1 87848U          20034.07625122  .00000133  00000+0  30312-4 0  9998
2 87848  74.0143 173.8064 0020481 349.9665  10.1092 14.65627000331542
UNKNOWN                 
1 87878U          20033.34799117  .00000398  00000+0  17761-3 0  9991
2 87878  99.1917   0.2708 0042688 343.2425  16.7341 14.28231311304997
UNKNOWN                 
1 87883U          20033.83104899  .00000012  00000+0  24976-4 0  9998
2 87883  99.3239 249.4002 0297627 260.6488  96.0921 14.11897555270113
UNKNOWN                 
1 87884U          20033.23832709 -.00000085  00000+0 -24597-4 0  9992
2 87884  98.5063 214.0354 0156624 339.7330  19.7665 14.04324378317820
UNKNOWN                 
1 87898U          20032.99296228  .00001440  00000+0  55464-3 0  9999
2 87898  98.9414 230.6903 0135621  19.7679 340.8686 14.27003770321706
UNKNOWN                 
1 87934U          20033.84573008  .00000026  00000+0  11534-4 0  9999
2 87934  82.9350  80.5769 0029917 221.1408 262.5183 13.72766622310699
UNKNOWN                 
1 87942U          20034.05638179  .00000722  00000+0  86432-4 0  9995
2 87942  99.0971 240.9120 0149035  79.4618  70.2809 14.80509378328073
UNKNOWN                 
1 87970U          20033.40800886  .00011748  00000+0  67378-3 0  9997
2 87970  99.0349 193.5493 0043407 163.5754 196.6889 15.11970460285219
UNKNOWN                 
1 87972U          20013.48849619  .00001177  00000+0  46039-3 0  9998
2 87972  98.8122 284.7425 0170525 204.3562 154.9489 14.23815177266978
UNKNOWN                 
1 87991U          20034.09589831  .00002373  00000+0  46030-2 0  9995
2 87991  28.6368 187.0777 0926604 299.1412  51.9472 12.29540329259170
UNKNOWN                 
1 87997U          20034.01711306  .00092688  41455-5  26239-2 0  9999
2 87997  63.1567 257.2854 1563866  17.8414 347.1638 12.36800874248389
UNKNOWN                 
1 87998U          20032.91521450  .00000031  00000+0  43520-4 0  9996
2 87998  98.7981  90.2150 0028408 184.2664 175.8268 14.07731163247424
UNKNOWN                 
1 88028U          20033.80391340  .00000180  00000+0  91633-3 0  9995
2 88028  21.2585 305.9983 7068311 108.5954 335.1621  2.44212799 50237
UNKNOWN                 
1 88049U          20034.47774603  .00000170  00000+0  39066-2 0  9999
2 88049  64.5756  24.5520 5452369  52.1814   8.1127  4.30575216 97487
UNKNOWN                 
1 88069U          20029.19293940  .00010067  00000+0  19515-2 0  9997
2 88069  23.0503  52.2210 6001972 213.3963  87.8027  4.04003745129562
UNKNOWN                 
1 88079U          20033.64616136  .00014703  00000+0  22845-2 0  9990
2 88079  20.6661 148.9995 4802837  55.0778 341.1561  5.95199557 98636
UNKNOWN                 
1 88096U          20034.47764867  .00007626  00000+0  56751-2 0  9995
2 88096  65.0906 143.5021 5216359 152.0709 250.1322  5.13562074145323
UNKNOWN                 
1 88107U          20034.01521919  .00001434  00000+0  20553-2 0  9999
2 88107  20.2882 189.2227 6760116  68.3984 348.0118  2.88060078 45568
UNKNOWN                 
1 88110U          20034.40753710  .00578737  00000+0  61063-2 0  9998
2 88110  23.7541 156.3246 3216437 308.3419  26.8673  9.07423504 80186
UNKNOWN                 
1 88117U          20033.52669626  .00000048  00000+0 -26566-5 0  9997
2 88117  20.3821 183.8206 4901149   5.2575 358.3896  5.58382443 97845
UNKNOWN                 
1 88153U          20034.13740994 -.00000002  00000+0  00000+0 0  9992
2 88153  63.4960   5.4956 6348715 240.1308  42.9509  2.98406935 55180
UNKNOWN                 
1 88173U          20031.55250329  .00000131  00000+0  12165-3 0  9996
2 88173  99.1598 320.6745 0157074 205.5257 153.8087 13.93062921302369
UNKNOWN                 
1 88203U          20029.15004394  .00026599  00000+0  33539-2 0  9995
2 88203  64.6015 272.2297 5917471   6.3428 358.7631  4.18726489 57366
UNKNOWN                 
1 88216U          20034.42444797 -.00000919  00000+0 -35634-2 0  9998
2 88216  21.7429  97.2571 6640211 119.5464 321.4626  2.97487746 50961
UNKNOWN                 
1 88230U          20033.46289776  .00014440  00000+0  56688-2 0  9995
2 88230  49.0164 173.5574 5586086  84.8901 333.3141  4.62143096 79107
UNKNOWN                 
1 88238U          20033.08342970  .00000846  00000+0  11352-2 0  9991
2 88238  21.4850 252.5542 7045899 193.8075 125.8715  2.53453906 50529
UNKNOWN                 
1 88241U          20032.85790229  .00010918  00000+0  22222-2 0  9992
2 88241  62.4943  86.9682 4061162 144.5078 251.0054  7.20323274126591
UNKNOWN                 
1 88255U          20033.66463758  .00015513  00000+0  76711-3 0  9990
2 88255  20.3155 156.8412 4807219  62.5239 337.9696  6.02911085105002
UNKNOWN                 
1 88269U          20033.46971993  .00000049  00000+0  00000+0 0  9990
2 88269  62.8940 179.0273 4661169 272.8742  38.7055  5.35415355121422
UNKNOWN                 
1 88270U          20029.15193783 -.00000011  00000+0  51437-3 0  9990
2 88270  49.3625 349.8803 6504249 323.4632   6.1639  3.14188657 56407
UNKNOWN                 
1 88271U          20033.47401015  .00000264  00000+0  25219-1 0  9997
2 88271  64.1293 140.8994 5492305 260.6196 129.6492  3.90222002 88409
UNKNOWN                 
1 88288U          20033.97840434  .00251998  00000+0  73496-2 0  9995
2 88288  20.6868 300.6087 4492128 144.3981 256.1654  6.61090373  9902
UNKNOWN                 
1 88313U          20033.89071916  .00000530  00000+0  71985-3 0  9992
2 88313  20.1723 230.0184 6832586 355.7228   0.6064  2.78462188 61490
UNKNOWN                 
1 88323U          20028.63674581 -.00000108  00000+0  00000+0 0  9994
2 88323  18.1216 174.6349 6618711 171.0041 212.6935  1.96386411 35097
UNKNOWN                 
1 88342U          20033.16195182  .00002574  00000+0  16798-2 0  9996
2 88342  20.9180  32.5219 5213191  35.2116 350.1605  5.15669138 86490
UNKNOWN                 
1 88355U          20034.11535818  .00000061  00000+0  00000+0 0  9995
2 88355  19.8964 195.2791 6967592  38.8422 354.6818  2.24713623 37514
UNKNOWN                 
1 88700U          20034.44078567  .00000176  00000+0  00000+0 0  9995
2 88700  71.3357 216.2855 6399492 156.8822 254.1972  2.03945000165807
UNKNOWN                 
1 88703U          20027.15859454  .00000775  00000+0  00000+0 0  9995
2 88703  71.7150 185.5519 5929254 215.9922  83.7713  2.00789281 45329
UNKNOWN                 
1 88710U          20033.05036382  .00000065  00000+0 -28495-4 0  9992
2 88710  63.4915 254.3135 5694592 250.4459 336.0333  4.16110952 94155
UNKNOWN                 
1 88716U          20034.46892579  .00000072  00000+0  56247-3 0  9994
2 88716  63.6400 225.0761 3880376 318.2509  26.5509  6.85070929155180
UNKNOWN                 
1 89003U          20031.57057951  .00000026  00000+0  18316-4 0  9995
2 89003  74.0491 338.8266 0016787 208.6910 151.3320 14.34616208324243
UNKNOWN                 
1 89005U          20034.17949167  .00000398  00000+0  11924-3 0  9994
2 89005  97.9046   1.8690 0224379  41.5444 320.2554 14.34090739226687
UNKNOWN                 
1 89029U          20033.76908749  .00000227  00000+0  38915-4 0  9996
2 89029  98.2592 219.6515 0031923  48.6514 311.7434 14.78141049333999
UNKNOWN                 
1 89037U          20032.49018133  .00000496  00000+0  32127-3 0  9999
2 89037  98.4019  46.1417 0140779 111.7793 249.8423 14.01986104221483
UNKNOWN                 
1 89048U          20033.25608126  .00002051  00000+0  51034-3 0  9990
2 89048  98.9114 216.0007 0009747 340.6218  19.4604 14.52868374326463
UNKNOWN                 
1 89067U          20033.87043420  .00002668  00000+0  90107-4 0  9998
2 89067  80.9894  91.6976 0615664 308.7601  46.0073 14.34780183272809
UNKNOWN                 
1 89074U          20033.86902556  .00001184  00000+0  14756-2 0  9995
2 89074 100.2963 359.6845 0059529   6.4773  23.1859 13.66250370296185
UNKNOWN                 
1 89091U          20033.63390507  .00000192  00000+0  17599-3 0  9993
2 89091  82.9444 162.6007 0031436 273.2483  86.5079 13.77862528291677
UNKNOWN                 
1 89101U          20034.22046396  .00000348  00000+0  11681-2 0  9993
2 89101 100.2219  38.1183 0147408 216.4134 142.6874 13.03573764276045
UNKNOWN                 
1 89123U          20033.12544197  .00001119  00000+0  57754-3 0  9996
2 89123  99.0773 106.4495 0067221 227.4471 132.1015 14.16055456223405
UNKNOWN                 
1 89127U          20033.62524008  .00001946  00000+0  23097-3 0  9995
2 89127  74.0705 263.2325 0047318 152.6738 207.6946 14.84451577173843
UNKNOWN                 
1 89132U          20033.13604175  .00001035  00000+0  91194-3 0  9993
2 89132  63.3840 344.1307 3077614 317.0981  22.6408  8.71530885137387
UNKNOWN                 
1 89135U          20033.60304504  .00000917  00000+0  47726-3 0  9991
2 89135  71.0496 131.3032 0140117 272.2872  86.2212 14.12322555319051
UNKNOWN                 
1 89140U          20033.99358204  .00008038  00000+0  26816-2 0  9993
2 89140  98.7734  57.8372 0006515 312.1084  47.9547 14.37774510181645
UNKNOWN                 
1 89142U          20034.50282718  .00006096  00000+0  47528-2 0  9994
2 89142  64.9110 191.4101 3398649 342.2324   8.3425  8.16362892126013
UNKNOWN                 
1 89143U          20034.47225689  .00113676  00000+0  23444-1 0  9998
2 89143  65.1273 274.5888 0755096 354.9082   4.4577 13.55630904 99344
UNKNOWN                 
1 89146U          20033.30001562  .00000240  00000+0  71475-4 0  9996
2 89146  98.1034 348.1180 0120339 165.4144 195.0573 14.47276054318319
UNKNOWN                 
1 89158U          20032.35441918  .00001938  00000+0  24128-3 0  9993
2 89158  98.8355 354.1578 0096979 246.3353 112.7655 14.80670177172996
UNKNOWN                 
1 89161U          20033.60253042  .00000454  00000+0  72638-4 0  9997
2 89161  97.8347  87.4299 0134429 247.9425 110.7460 14.70890852231155
UNKNOWN                 
1 89171U          20032.23160618  .00002911  00000+0  30584-3 0  9995
2 89171  99.0112 131.0256 0064200 322.3639  37.3090 14.88957957234473
UNKNOWN                 
1 89172U 81053    20033.83255082  .00000888  00000+0  21399-3 0  9995
2 89172  82.0825 344.3348 0423909 116.9483 247.5650 14.09146479298274
UNKNOWN                 
1 89177U          20033.75650925  .00000038  00000+0  25310-4 0  9994
2 89177  82.9192  55.1354 0031920 336.8932  23.0786 13.73370608769205
UNKNOWN                 
1 89183U          20034.05921611  .00000221  00000+0  24098-3 0  9993
2 89183  99.1521 336.5242 0134683  77.0172 284.5980 13.78890058311888
UNKNOWN                 
1 89184U          20033.98360857  .00000864  00000+0  30081-3 0  9996
2 89184  98.5055 228.3216 0019875 157.1308 203.0768 14.37798738182423
UNKNOWN                 
1 89195U          20033.95122393  .00000553  00000+0  26392-3 0  9991
2 89195  98.8348  89.5077 0028035 324.3627  35.5679 14.23094658222558
UNKNOWN                 
1 89206U          20034.01749487  .00000913  00000+0  41659-3 0  9994
2 89206  98.7554  52.7797 0029929 277.3330  82.4447 14.23838888180649
UNKNOWN                 
1 89213U          20033.70186485 -.00000005  00000+0  24537-4 0  9990
2 89213  98.8287 341.8188 0233099 211.1186 147.5992 13.88942154155403
UNKNOWN                 
1 89218U          20033.00878975  .00000209  00000+0  24292-3 0  9992
2 89218 100.3458 115.2817 0106868 105.5671 255.7304 13.79390667298028
UNKNOWN                 
1 89255U          20033.36572284  .00000203  00000+0  30808-3 0  9990
2 89255  98.6424  80.7322 0365921 103.7905 260.4222 13.36861858208813
UNKNOWN                 
1 89261U          20032.87541648  .00000082  00000+0  40363-4 0  9995
2 89261  98.3219  89.1336 0014501 142.2929 217.9278 14.39006176225653
UNKNOWN                 
1 89281U          20031.83503182  .00001413  00000+0  44417-3 0  9995
2 89281  99.3415  62.5187 0016908  23.0514 149.4941 14.42172319324813
UNKNOWN                 
1 89285U          20033.96142382  .00054286  00000+0  28966-2 0  9992
2 89285  62.9131 209.2716 2411769  55.8102 324.8520 10.51044456118491
UNKNOWN                 
1 89304U          20034.49354344  .00000723  00000+0  86909-2 0  9994
2 89304  85.1891 234.7231 2480529  85.8758 322.6281  8.83752394248187
UNKNOWN                 
1 89314U          20033.44250699  .00000392  00000+0  94875-3 0  9991
2 89314  19.4875 358.2815 7158402  60.3258 351.8252  2.36015564 36461
UNKNOWN                 
1 89327U          20033.90694432  .00000259  00000+0  21269-3 0  9992
2 89327  82.5320 249.9205 0010957  55.5964 304.6231 13.85844519177842
UNKNOWN                 
1 89341U          20033.31158686  .00009521  00000+0  28481-3 0  9993
2 89341  98.1584 344.1854 0011249 191.1127 168.9868 15.34751881291696
UNKNOWN                 
1 89347U          20034.18545229  .00003209  00000+0  67880-3 0  9991
2 89347  86.2919 200.3217 0034006 289.9824 193.3386 14.58672728184262
UNKNOWN                 
1 89349U          20033.77451258 -.00000064  00000+0 -25322-3 0  9998
2 89349  90.2977 316.0345 0030590 118.8467 241.5729 12.95423857201620
UNKNOWN                 
1 89379U          20033.36880600  .00001412  00000+0  24001-2 0  9991
2 89379 100.4861 255.6851 0052663 268.4826  91.0271 13.46677674291494
UNKNOWN                 
1 89381U          20033.53180090  .00003861  00000+0  80299-3 0  9991
2 89381  98.7948 137.3110 0078206 290.3498  68.9310 14.58801150162593
UNKNOWN                 
1 89389U          20033.49373573  .00000721  00000+0  11730-3 0  9990
2 89389  74.0519 313.6875 0085737 193.7222 166.1620 14.70690508227052
UNKNOWN                 
1 89390U          20033.10335818  .00003937  00000+0  42980-3 0  9993
2 89390  98.9723  93.4553 0040971 292.4121  67.2754 14.88027296314321
UNKNOWN                 
1 89391U          20034.49353780  .00001091  00000+0  11020-3 0  9995
2 89391  97.4028 237.8377 0207859 333.0676  25.9865 14.78375500108743
UNKNOWN                 
1 89395U          20033.11502178  .00000015  00000+0  63907-3 0  9990
2 89395 102.4272  99.2731 0227045 168.0734 222.9711 12.01107215267700
UNKNOWN                 
1 89410U          20034.34611754  .00000204  00000+0  19533-3 0  9991
2 89410  82.9447  13.4700 0026697 191.7729 168.2807 13.75792533292874
UNKNOWN                 
1 89438U          20034.13069498  .00008310  00000+0  77244-3 0  9999
2 89438  86.3725 176.3262 0015411 226.0415 133.9543 14.94144913226989
UNKNOWN                 
1 89453U          20034.04969388  .00001758  00000+0  13425-3 0  9993
2 89453  97.2882 247.5868 0153199 210.2896 148.9406 14.94336742186621
UNKNOWN                 
1 89460U          20034.10516384  .00000410  00000+0  90510-3 0  9996
2 89460 100.3061 158.2172 0048756 330.4251  29.4117 13.34621049147418
UNKNOWN                 
1 89483U          20033.44729997  .00000717  00000+0  89081-4 0  9995
2 89483  99.4692 290.4964 0272780 103.5422 259.6319 14.63791437182999
UNKNOWN                 
1 89490U          20034.24317043  .00001405  00000+0  71260-3 0  9991
2 89490  98.3490  45.6111 0131755 343.2208  16.4628 14.13103219176575
UNKNOWN                 
1 89492U          20028.61675345 -.00000051  00000-0 -50755-4 0  9995
2 89492  82.5349 358.4401 0029329 356.5264   3.5692 13.93310387268128
UNKNOWN                 
1 89493U          20033.98335594  .00000606  00000+0  38620-3 0  9990
2 89493  99.1836  54.1613 0092830 262.1859  96.8762 14.05556654162622
UNKNOWN                 
1 89494U          20033.98861668  .00000523  00000+0  33709-3 0  9998
2 89494  99.1835  54.1798 0093116 262.2813  96.7773 14.05542088162486
UNKNOWN                 
1 89496U          20034.38150543  .00002471  00000+0  34049-3 0  9990
2 89496  98.8902   6.4743 0097370 301.2777  57.8922 14.76119494162739
