NOAA 15                 
1 25338U 98030A   20035.06250514  .00000026  00000-0  29749-4 0  9997
2 25338  98.7305  60.7059 0009459 295.8753  64.1451 14.25949797130077
NOAA 18                 
1 28654U 05018A   20035.14209115  .00000076  00000-0  66113-4 0  9996
2 28654  99.0648  90.1926 0013471 247.5569 112.4176 14.12486073758046
METOP-A                 
1 29499U 06044A   20035.09034251 -.00000002  00000-0  18328-4 0  9990
2 29499  98.5438  86.3502 0000564  84.4332 107.4823 14.21494963689792
NOAA 19                 
1 33591U 09005A   20034.99526098  .00000047  00000-0  51039-4 0  9995
2 33591  99.1940  36.8521 0014942  92.7139 267.5742 14.12394290566422
METOP-B                 
1 38771U 12049A   20035.04711351 -.00000016  00000-0  12712-4 0  9999
2 38771  98.7121  96.2804 0001784  68.1716 355.1347 14.21484897382924
SARAL                   
1 39086U 13009A   20035.02447555 -.00000002  00000-0  15496-4 0  9993
2 39086  98.5398 222.6483 0000396  37.7691 322.3521 14.32019481362763
METOP-C                 
1 43689U 18087A   20034.86122395 -.00000044  00000-0  00000+0 0  9997
2 43689  98.7172  96.2858 0003504  34.9900 325.1507 14.21691001 64470
ANGELS                  
1 44876U 19092D   20035.09213704 -.00000066  00000-0  00000+0 0  9998
2 44876  97.4555 220.7099 0013829 118.4645 241.8049 15.16257021  7226
