CUTE-1 (CO-55)          
1 27844U 03031E   20034.98995357  .00000047  00000-0  40876-4 0  9996
2 27844  98.6840  44.7416 0010929  85.5027 274.7400 14.22219009861027
CUBESAT XI-IV (CO-57)   
1 27848U 03031J   20034.97766131  .00000037  00000-0  36416-4 0  9999
2 27848  98.6912  45.2715 0010820  96.4055 263.8355 14.21808460860864
CUBESAT XI-V            
1 28895U 05043F   20034.61135577  .00000104  00000-0  28915-4 0  9992
2 28895  97.9873 174.9208 0016398 350.5008   9.5882 14.63734220761116
CUTE-1.7+APD II (CO-65) 
1 32785U 08021C   20034.67845548  .00000183  00000-0  25344-4 0  9996
2 32785  97.5631  28.7053 0012107 214.9773 145.0650 14.88411713637822
AAUSAT-II               
1 32788U 08021F   20034.98760970  .00000485  00000-0  49326-4 0  9999
2 32788  97.4926  45.4680 0012671 141.2689 218.9443 14.94935524639322
DELFI-C3 (DO-64)        
1 32789U 08021G   20035.12798088  .00001182  00000-0  81877-4 0  9990
2 32789  97.4372  82.5181 0013347  61.3190 298.9378 15.07428995641676
SEEDS II (CO-66)        
1 32791U 08021J   20035.04531916  .00000164  00000-0  21899-4 0  9996
2 32791  97.5350  35.1856 0013110 183.9499 176.1618 14.90964302638432
SWISSCUBE               
1 35932U 09051B   20034.35137722  .00000100  00000-0  33532-4 0  9997
2 35932  98.6018 212.3291 0007744 173.6734 186.4562 14.56353931550168
BEESAT-1                
1 35933U 09051C   20035.02796370  .00000100  00000-0  33498-4 0  9994
2 35933  98.6030 214.8677 0005735 181.9486 178.1689 14.56434931550418
ITUPSAT1                
1 35935U 09051E   20034.73793759  .00000070  00000-0  27195-4 0  9994
2 35935  98.6137 214.7856 0008050 184.1477 175.9654 14.55585834550071
TISAT 1                 
1 36799U 10035E   20034.97667493  .00000212  00000-0  27444-4 0  9993
2 36799  98.1786 200.1938 0013239  54.9970 305.2488 14.91261535519080
M-CUBED & EXP-1 PRIME   
1 37855U 11061F   20034.12371297  .00001135  00000-0  63768-4 0  9992
2 37855 101.7269  52.7462 0172018 116.5229 245.3735 15.05968351451302
AEROCUBE 4.5A           
1 38767U 12048K   20034.97455054  .00000177  00000-0  28913-4 0  9996
2 38767  64.6659 296.7879 0157643 180.8856 179.2002 14.92146802 21730
AEROCUBE 4.5B           
1 38768U 12048L   20034.37567686  .00000462  00000-0  47791-4 0  9998
2 38768  64.6657 269.5812 0146490 177.8236 182.3549 14.95764903 21675
STRAND-1                
1 39090U 13009E   20035.07665406  .00000017  00000-0  21036-4 0  9992
2 39090  98.4669 241.9185 0008584 330.6648  29.4055 14.35116295363431
SOMP                    
1 39134U 13015E   20035.16985568  .00001154  00000-0  60755-4 0  9996
2 39134  64.8639 353.4373 0038124 265.9427  93.7343 15.20711469375638
BEESAT-3                
1 39135U 13015F   20034.38852456  .00001186  00000-0  66752-4 0  9997
2 39135  64.8673  17.5380 0045702 267.4095  92.1799 15.17900259375104
BEESAT-2                
1 39136U 13015G   20034.38153516  .00000805  00000-0  49787-4 0  9995
2 39136  64.8706  22.0932 0030602 278.7830  80.9830 15.17308819375016
NEE-01 PEGASO           
1 39151U 13018B   20035.07632818  .00000112  00000-0  21790-4 0  9994
2 39151  97.9713 134.8691 0017346 171.3984 188.7528 14.80123740365804
ESTCUBE 1               
1 39161U 13021C   20035.12348160  .00000139  00000-0  29826-4 0  9996
2 39161  97.9725 120.8158 0008885 315.7007  44.3489 14.72277013362274
POPACS 1                
1 39268U 13055D   20035.08743700  .00003136  00000-0  87253-4 0  9993
2 39268  81.0019  78.1160 0619443 261.0490  92.0132 14.38414987330148
POPACS 2                
1 39269U 13055E   20034.22058366  .00001845  00000-0  52481-4 0  9996
2 39269  81.0149 113.9194 0680065 354.0878   5.2546 14.24922552326720
POPACS 3                
1 39270U 13055F   20034.01646065  .00001444  00000-0  43334-4 0  9996
2 39270  81.0180 133.9428 0712192  51.7148 314.5917 14.16537899305954
ZACUBE-1 (TSHEPISOSAT)  
1 39417U 13066B   20035.00377123  .00000216  00000-0  33391-4 0  9995
2 39417  97.5622  40.5347 0058883   0.3091 359.8149 14.81215988335136
WNISAT-1                
1 39423U 13066H   20035.04231820  .00000102  00000-0  30339-4 0  9992
2 39423  97.7983 325.7342 0174592 315.0640  43.6537 14.53092966328904
TRITON-1                
1 39427U 13066M   20035.06221700  .00000180  00000-0  36472-4 0  9994
2 39427  97.7075   3.6028 0114422 147.4290 213.4043 14.67937161332136
GOMX-1                  
1 39430U 13066Q   20035.07728960  .00000119  00000-0  31023-4 0  9998
2 39430  97.7771 341.8345 0149595 247.8822 110.6444 14.59344832330204
CUBEBUG-2 (LO-74)       
1 39440U 13066AA  20035.05670010  .00000224  00000-0  37812-4 0  9998
2 39440  97.6187  25.0848 0081427  57.2278 303.6745 14.75952161333952
NEE-02 KRYSAOR          
1 39441U 13066AB  20034.91072361  .00000154  00000-0  28747-4 0  9997
2 39441  97.6248  22.5500 0083083  65.7333 295.2529 14.74975347333736
FUNCUBE-1 (AO-73)       
1 39444U 13066AE  20034.26806973  .00000294  00000-0  42401-4 0  9990
2 39444  97.5581  41.9853 0057864 355.5817   4.4878 14.82055629333344
UWE-3                   
1 39446U 13066AG  20034.93695425  .00000237  00000-0  37888-4 0  9994
2 39446  97.5902  32.1592 0070717  29.7967 330.7243 14.78487668333284
AEROCUBE 5A             
1 39465U 13072D   20033.81925497  .00004612  00000-0  38279-3 0  9998
2 39465 120.5002  32.3898 0281362 105.7878 257.4383 14.75007207 21345
AEROCUBE 5B             
1 39466U 13072E   20034.96409594  .00006888  00000-0  47790-3 0  9996
2 39466 120.4976  66.1530 0255171 113.8844 248.9166 14.84264316 21592
BRITE-CA1 (TORONTO)     
1 40020U 14033L   20035.07845830  .00000092  00000-0  23754-4 0  9998
2 40020  97.7316 230.9568 0088289 140.8342 219.9297 14.66619288301072
DUCHIFAT-1              
1 40021U 14033M   20035.04613386  .00000245  00000-0  30745-4 0  9993
2 40021  97.9361 325.5300 0013372  16.8034 343.3624 14.90801898305865
NANOSATC-BR1            
1 40024U 14033Q   20035.06190950  .00000313  00000-0  38402-4 0  9999
2 40024  97.9230 322.3421 0012783  21.0571 339.1170 14.89987339305740
QB50P1                  
1 40025U 14033R   20034.72739236  .00000261  00000-0  33674-4 0  9996
2 40025  97.9126 319.0890 0013144  28.3656 331.8274 14.89063588305042
QB50P2                  
1 40032U 14033Y   20034.73402751  .00000235  00000-0  31236-4 0  9997
2 40032  97.9029 316.8431 0012471  25.4944 334.6885 14.88593633305461
PERSEUS-M2              
1 40037U 14033AD  20035.04192835  .00000046  00000-0  11372-4 0  9995
2 40037  97.8913 312.3870 0015285  37.6285 322.5997 14.86512613305191
PERSEUS-M1              
1 40039U 14033AF  20035.01717404  .00000078  00000-0  15202-4 0  9990
2 40039  97.8885 311.2689 0015086  35.6391 324.5828 14.86132757305116
POLYITAN-1              
1 40042U 14033AJ  20034.43131938  .00000303  00000-0  38436-4 0  9996
2 40042  97.9208 319.2343 0015148  19.3126 340.8662 14.88795968305410
TIGRISAT                
1 40043U 14033AK  20035.17938474  .00000113  00000-0  23906-4 0  9994
2 40043  97.7268 257.7719 0061301  72.9758 287.8156 14.74337249302566
AEROCUBE 6A             
1 40045U 14033AM  20035.07765196  .00000253  00000-0  43401-4 0  9991
2 40045  97.7516 262.5062 0058984  65.2126 295.5205 14.75510675302531
AEROCUBE 6B             
1 40046U 14033AN  20035.08592959  .00000258  00000-0  44098-4 0  9996
2 40046  97.7436 261.9311 0058310  64.5427 296.1801 14.75489594302671
UKUBE-1                 
1 40074U 14037F   20035.20948038  .00000240  00000-0  35874-4 0  9991
2 40074  98.4516 215.5654 0003930 174.3303 185.7963 14.84185400301844
BRITE-PL2 (HEWELIUSZ)   
1 40119U 14049B   20034.98267121  .00000092  00000-0  17330-4 0  9997
2 40119  97.8976 128.5417 0017397 184.1526 175.9547 14.84467123295830
FIREBIRD 4              
1 40378U 15003C   20035.13824968  .00001999  00000-0  80487-4 0  9991
2 40378  99.1133  67.8706 0125939  42.7109 318.3826 15.19573834276918
GRIFEX                  
1 40379U 15003D   20035.05360320  .00001484  00000-0  65885-4 0  9994
2 40379  99.1187  60.4488 0134761  65.2715 296.2470 15.16044974276486
EXOCUBE (CP10)          
1 40380U 15003E   20035.14196351  .00001269  00000-0  59598-4 0  9992
2 40380  99.1246  56.5842 0139836  78.1079 283.5789 15.14030351276235
AEROCUBE 8A             
1 40659U 15025J   20035.03142922  .00017234  00000-0  20229-3 0  9995
2 40659  55.0163 193.5744 0115843 185.5419 174.4343 15.53837566 22632
AEROCUBE 8B             
1 40660U 15025K   20034.97343374  .00017791  00000-0  20708-3 0  9993
2 40660  55.0133 192.1226 0114990 187.1037 172.8375 15.54121874 22633
TIANWANG 1C (TW-1C)     
1 40926U 15051B   20035.21276938  .00016514  00000-0  19781-3 0  9997
2 40926  97.1054  86.4315 0005348 218.9494 212.4013 15.61005674246058
TIANWANG 1A (TW-1A)     
1 40928U 15051D   20035.15724111  .00002913  00000-0  70425-4 0  9994
2 40928  97.1243  66.2097 0009229 325.1611 106.6180 15.41904504244670
EXACTVIEW 9             
1 40936U 15052G   20034.21198515  .00000734  00000-0  13641-4 0  9999
2 40936   6.0020 224.6237 0010261 152.9812 207.0850 14.76539766235204
AEROCUBE 5C             
1 40965U 15058B   20034.52831000  .00000108  00000-0  32601-4 0  9996
2 40965  64.7772 192.5268 0171354 124.1687 237.5798 14.74471572 21413
AEROCUBE 7              
1 40966U 15058C   20034.53559713  .00000164  00000-0  39037-4 0  9998
2 40966  64.7773 191.1725 0170220 123.9020 237.8406 14.74760833 21417
ATHENOXAT 1             
1 41168U 15077C   20035.05573350  .00001891  00000-0  63975-4 0  9991
2 41168  14.9890 327.3003 0011358  57.8476 302.2946 15.14079887228947
GALASSIA                
1 41170U 15077E   20035.13120029  .00001783  00000-0  57449-4 0  9993
2 41170  14.9893 319.0540 0012663  84.7376 275.4390 15.14394178229022
VELOX-II                
1 41171U 15077F   20035.09844094  .00001445  00000-0  44422-4 0  9996
2 41171  14.9924 359.3436 0008716 348.3070  11.7047 15.11504190228666
HORYU-4                 
1 41340U 16012D   20033.61419132  .00000477  00000-0  29382-4 0  9993
2 41340  31.0051 116.7996 0013922 241.1638 118.7600 15.01407576217442
E-ST@R-II               
1 41459U 16025D   20035.20316703  .00001246  00000-0  67599-4 0  9992
2 41459  98.0987 138.3300 0164462 303.6857  54.8783 15.06016698207230
AAUSAT 4                
1 41460U 16025E   20035.20646605  .00001812  00000-0  93508-4 0  9999
2 41460  98.0947 140.2120 0154315 294.0067  64.5073 15.08138228207407
DIWATA-1                
1 41463U 98067HT  20035.12148688  .00082761  14165-4  17333-3 0  9991
2 41463  51.6238 118.5054 0001994 352.3427  80.3052 15.98989219216398
BEESAT-4                
1 41619U 16040W   20034.61324970  .00001225  00000-0  53982-4 0  9994
2 41619  97.3391  97.2311 0009650 298.6741  61.3525 15.23654516188866
CANX-7                  
1 41788U 16059F   20035.07375381  .00007308  00000-0  10501-2 0  9990
2 41788  98.2531 119.7440 0021836   8.4703 351.6806 14.76579154179977
RAVAN                   
1 41849U 16067B   20034.25713317  .00000499  00000-0  46961-4 0  9996
2 41849  97.9267 141.9202 0007850 348.8294  11.2753 14.98447291176377
CELTEE 1                
1 41850U 16067C   20034.99929953 -.00000422  00000-0 -31247-4 0  9993
2 41850  97.9206 140.7851 0008476 344.9968  15.1000 14.97116572176382
OPTICUBE 04             
1 41851U 16067D   20035.17482346  .00000622  00000-0  59496-4 0  9991
2 41851  97.9197 140.6509 0008274 348.7082  11.3952 14.96881035176393
AEROCUBE 8D             
1 41852U 16067E   20034.72034912  .00000063  00000-0  10790-4 0  9997
2 41852  97.9208 140.0200 0009221 349.0696  11.0324 14.96837973176300
AEROCUBE 8C             
1 41853U 16067F   20035.01614389  .00000162  00000-0  19419-4 0  9990
2 41853  97.9194 140.2364 0009458 346.4028  13.6937 14.96795181176346
PROMETHEUS 2-1          
1 41854U 16067G   20035.01263560  .00000188  00000-0  21628-4 0  9995
2 41854  97.9203 140.4812 0009754 344.6922  15.4003 14.97074080176354
PROMETHEUS 2-3          
1 41855U 16067H   20035.01395659  .00000229  00000-0  25168-4 0  9990
2 41855  97.9205 140.5083 0009906 344.9647  15.1278 14.97083022176351
INS-1B                  
1 41954U 17008G   20034.40638770  .00001172  00000-0  50588-4 0  9994
2 41954  97.3727 101.1286 0010507  62.8658 297.3650 15.24445743164795
BGUSAT                  
1 41999U 17008BD  20035.09072415  .00001835  00000-0  72083-4 0  9997
2 41999  97.3822 105.2325 0009510  71.1913 289.0357 15.26944666164442
DIDO-2                  
1 42000U 17008BE  20034.21597400  .00000813  00000-0  36181-4 0  9994
2 42000  97.3736 101.4833 0010137  79.3920 280.8459 15.24253077164165
PEASSS                  
1 42015U 17008BV  20034.22514358  .00001066  00000-0  45129-4 0  9995
2 42015  97.3754 102.8328 0007993  83.5726 276.6422 15.25313080164730
AL-FARABI 1             
1 42016U 17008BW  20035.10392075  .00001314  00000-0  53758-4 0  9997
2 42016  97.3776 104.5342 0007829  80.5176 279.6947 15.26071567165035
NAYIF-1 (EO-88)         
1 42017U 17008BX  20034.43040737  .00001414  00000-0  57578-4 0  9993
2 42017  97.3775 103.8814 0007862  82.2306 277.9825 15.26107560164951
NSIGHT                  
1 42726U 98067MF  20034.45791243  .00079220  00000-0  30231-3 0  9997
2 42726  51.6287 203.1364 0002825 319.8604  40.2191 15.86804654154081
UCLSAT                  
1 42765U 17036A   20035.09221748  .00001106  00000-0  49598-4 0  9991
2 42765  97.3212  92.8216 0012618 133.9654 226.2626 15.23213306145537
LITUANICASAT-2          
1 42768U 17036D   20034.91129905  .00001862  00000-0  80583-4 0  9994
2 42768  97.3263  92.4352 0016309 126.9959 233.2774 15.23554621145354
AALTO-1                 
1 42775U 17036L   20034.91530021  .00000660  00000-0  32164-4 0  9994
2 42775  97.3191  90.8325 0015249 128.3508 231.9101 15.21641063145211
URSA MAIOR              
1 42776U 17036M   20034.39379895  .00000781  00000-0  37307-4 0  9995
2 42776  97.3204  90.5544 0015046 129.8462 230.4101 15.21801843145147
COMPASS 2               
1 42777U 17036N   20035.12204924  .00001403  00000-0  61561-4 0  9999
2 42777  97.3253  93.0965 0013780 126.6631 233.5875 15.23507889145342
DIAMOND RED             
1 42783U 17036U   20034.43673731  .00000918  00000-0  42425-4 0  9993
2 42783  97.3214  91.5834 0013247 137.9249 222.3008 15.22579375145209
PEGASUS                 
1 42784U 17036V   20033.84251608  .00001013  00000-0  46034-4 0  9990
2 42784  97.3219  91.3446 0013058 138.9613 221.2609 15.22922350145130
DIAMOND GREEN           
1 42785U 17036W   20034.96131057  .00000857  00000-0  39795-4 0  9991
2 42785  97.3215  92.1256 0013161 136.8129 223.4142 15.22581537145278
DIAMOND BLUE            
1 42786U 17036X   20034.89478767  .00000851  00000-0  39529-4 0  9995
2 42786  97.3215  92.0572 0012995 137.1495 223.0757 15.22579892145261
NUDTSAT                 
1 42787U 17036Y   20035.12582999  .00001206  00000-0  52462-4 0  9992
2 42787  97.3261  93.7004 0011477 127.6999 232.5289 15.24092997145238
SUCHAI                  
1 42788U 17036Z   20035.09554212  .00001190  00000-0  52814-4 0  9999
2 42788  97.3223  93.0367 0012758 133.6157 226.6141 15.23419345145429
SKCUBE                  
1 42789U 17036AA  20034.07769606  .00001113  00000-0  49762-4 0  9995
2 42789  97.3221  91.9347 0012547 137.0342 223.1877 15.23283125145189
VZLUSAT-1               
1 42790U 17036AB  20034.19468337  .00001514  00000-0  65122-4 0  9990
2 42790  97.3242  92.7858 0012113 134.9764 225.2458 15.24081903145249
ROBUSTA-1B              
1 42792U 17036AD  20034.90182615  .00001150  00000-0  51059-4 0  9993
2 42792  97.3221  92.9492 0012187 134.6559 225.5674 15.23466620145339
CICERO 6                
1 42793U 17036AE  20034.96688218  .00000747  00000-0  34741-4 0  9990
2 42793  97.3200  92.5809 0011425 136.0981 224.1166 15.22914134145398
D-SAT                   
1 42794U 17036AF  20034.57213797  .00000219  00000-0  24062-4 0  9993
2 42794  97.5116  73.7792 0127892  95.1252 266.4578 14.91211793142592
CORVUS BC2              
1 42846U 17042X   20034.64594239  .00000215  00000-0  26463-4 0  9992
2 42846  97.5416 284.1228 0010001  16.8869 343.2681 14.92055536139308
CORVUS BC1              
1 42847U 17042Y   20034.91899230  .00000129  00000-0  17926-4 0  9990
2 42847  97.5418 284.5296 0009616  15.6980 344.4536 14.92156702139344
MIRATA                  
1 43015U 17073C   20035.02291460  .00000629  00000-0  53639-4 0  9992
2 43015  97.7229 312.3411 0255168 126.8120 235.6798 14.79383477119344
MAKERSAT 0              
1 43016U 17073D   20035.01558417  .00000417  00000-0  37295-4 0  9995
2 43016  97.7263 312.5325 0257749 127.5906 234.9015 14.79025807119328
ASTERIA                 
1 43020U 98067NH  20034.77219519  .00048896  00000-0  19573-3 0  9992
2 43020  51.6392 213.9103 0001852 286.2058  73.8743 15.86017642126150
DELLINGR (RBLE)         
1 43021U 98067NJ  20034.59675393  .00011183  00000-0  10705-3 0  9996
2 43021  51.6357 247.2409 0001404 238.0477 122.0383 15.67240237125696
AEROCUBE 7B (OCSD B)    
1 43042U 17071F   20034.98780197  .00003900  00000-0  97530-4 0  9997
2 43042  51.6385   5.9018 0003815 276.8559  83.1993 15.42611897121613
AEROCUBE 7C (OCSD C)    
1 43043U 17071G   20035.05385024  .00003900  00000-0  97592-4 0  9995
2 43043  51.6385   5.6075 0004056 281.7261  78.3269 15.42590360121597
CHEFSAT                 
1 43044U 17071H   20035.09418006  .00007233  00000-0  15216-3 0  9992
2 43044  51.6393 354.8381 0003671 285.2181  74.8400 15.46415244121744
ASGARDIA 1              
1 43049U 17071N   20034.21107216  .00003627  00000-0  91145-4 0  9997
2 43049  51.6398   9.0360 0001790 303.3784  56.7031 15.42677980121462
ISARA                   
1 43050U 17071P   20035.06560069  .00005819  00000-0  12726-3 0  9994
2 43050  51.6378 356.8110 0001577 308.9840  51.1006 15.45668898121704
PROPCUBE 2 (FAUNA)      
1 43052U 17071R   20034.94612648  .00003249  00000-0  81618-4 0  9995
2 43052  51.6394   4.2137 0001707 302.1222  57.9598 15.43059948121597
CORVUS BC3              
1 43118U 18004H   20035.08977002  .00000686  00000-0  32046-4 0  9992
2 43118  97.4605 106.3688 0011009 156.2147 203.9601 15.23157763114545
MICROMAS-2A             
1 43131U 18004W   20034.41854620  .00001808  00000-0  75723-4 0  9999
2 43131  97.4644 106.9890 0009865 157.6992 202.4676 15.24808601114512
SPACEBEE-4              
1 43139U 18004AE  20035.01682806  .00002237  00000-0  90037-4 0  9991
2 43139  97.4669 108.4668 0009345 156.6240 203.5424 15.25908804114649
SPACEBEE-3              
1 43140U 18004AF  20034.90206401  .00002863  00000-0  11195-3 0  9995
2 43140  97.4683 108.8450 0009146 156.2035 203.9628 15.26645279114664
SPACEBEE-2              
1 43141U 18004AG  20034.97174382  .00003053  00000-0  11831-3 0  9994
2 43141  97.4694 109.0941 0009143 155.5530 204.6144 15.26897085114681
SPACEBEE-1              
1 43142U 18004AH  20034.83673458  .00003105  00000-0  11923-3 0  9998
2 43142  97.4698 109.1477 0009162 155.8594 204.3076 15.27183930114662
CICERO 7                
1 43143U 18004AJ  20035.08149285  .00001549  00000-0  65150-4 0  9995
2 43143  97.4624 107.8538 0007906 162.1053 198.0464 15.24895407114633
GOMX-4B                 
1 43196U 18015E   20035.09621449  .00000834  00000-0  37126-4 0  9991
2 43196  97.4177 164.8527 0017884 213.1646 146.8466 15.24132866111437
GOMX-4A                 
1 43197U 18015F   20035.21305650  .00000922  00000-0  40556-4 0  9998
2 43197  97.4175 165.0208 0018064 212.7526 266.1306 15.24304347111465
1KUNS-PF                
1 43466U 98067NP  20034.96373838  .00047123  00000-0  26509-3 0  9991
2 43466  51.6311 236.7690 0001131 215.8475 144.2450 15.78733813 99120
UBAKUSAT                
1 43467U 98067NQ  20034.97975616  .00016692  00000-0  14592-3 0  9991
2 43467  51.6335 250.4812 0001823 202.4230 157.6688 15.69068446 98959
BATSU-CS1 (IRAZU)       
1 43468U 98067NR  20034.66239531  .00197355  26265-4  50573-3 0  9997
2 43468  51.6293 224.0567 0003648 246.7818 113.2806 15.94884410199257
CUBERRT                 
1 43546U 98067NU  20034.98923944  .00013642  00000-0  11955-3 0  9999
2 43546  51.6351 249.0525 0002877 291.4452  68.6238 15.69202340 89106
TEMPEST-D               
1 43547U 98067NV  20035.02158083  .00004576  00000-0  60619-4 0  9998
2 43547  51.6370 269.5822 0004357 266.8766  93.1729 15.60504260 88513
RAINCUBE                
1 43548U 98067NW  20034.97843124  .00017256  00000-0  15842-3 0  9995
2 43548  51.6342 257.2110 0003645 280.2280  79.8305 15.67830247 89120
HALOSAT                 
1 43549U 98067NX  20035.00015076  .00014959  00000-0  13905-3 0  9993
2 43549  51.6357 257.3990 0003596 283.2191  76.8404 15.67652310 88683
ENDUROSAT ONE           
1 43551U 98067NZ  20034.99882228  .00024461  00000-0  19355-3 0  9998
2 43551  51.6337 251.3494 0003464 292.8325  67.2307 15.71192779 89170
EQUISAT                 
1 43552U 98067PA  20035.01582102  .00016834  00000-0  15366-3 0  9994
2 43552  51.6365 256.0440 0004093 292.2582  67.7981 15.67992950 89079
AEROCUBE 12A            
1 43556U 18046C   20035.04370610  .00001416  00000-0  61453-4 0  9998
2 43556  51.6432  31.1763 0008312 171.0596 189.0534 15.29364294 86807
AEROCUBE 12B            
1 43557U 18046D   20034.03670809  .00000460  00000-0  28574-4 0  9995
2 43557  51.6431  36.4464 0008416 166.8516 193.2685 15.29142861 86596
UITMSAT-1               
1 43589U 98067PD  20035.00955314  .00020535  00000-0  17797-3 0  9995
2 43589  51.6329 255.8768 0003322 301.5191  58.5482 15.69110222 84810
MAYA-1                  
1 43590U 98067PE  20033.91997114  .00021069  00000-0  18280-3 0  9990
2 43590  51.6332 261.3586 0003372 297.3033  62.7620 15.69064782 84571
BHUTAN-1                
1 43591U 98067PF  20034.66561774  .00022217  00000-0  19158-3 0  9994
2 43591  51.6346 257.3852 0003496 300.1827  59.8823 15.69177129 84694
SIRIUSSAT-1             
1 43595U 98067PG  20034.99671376  .00016947  00000-0  15652-3 0  9992
2 43595  51.6334 258.8076 0002239 244.9033 115.1731 15.67700333 83888
SIRIUSSAT-2             
1 43596U 98067PH  20034.98626231  .00018240  00000-0  16870-3 0  9993
2 43596  51.6345 259.5498 0002657 246.5463 113.5254 15.67602583 83875
TANUSHA-3               
1 43597U 98067PJ  20034.98720216  .00028341  00000-0  21640-3 0  9996
2 43597  51.6313 253.4224 0002059 255.4211 104.6559 15.71956894 83957
SURFSAT                 
1 43614U 18070B   20035.12226886  .00002181  00000-0  57295-4 0  9993
2 43614  93.0332  99.0392 0017600 130.3412 229.9382 15.38544407 77820
CP7 (DAVE)              
1 43615U 18070C   20035.14250353  .00002149  00000-0  56665-4 0  9996
2 43615  93.0337  99.0443 0017748 129.7713 230.5107 15.38431707 77823
ELFIN-B                 
1 43616U 18070D   20034.96264151  .00003421  00000-0  87023-4 0  9993
2 43616  93.0297  98.8814 0018226 133.0276 227.2509 15.39480759 77823
ELFIN-A                 
1 43617U 18070E   20034.48963606  .00003783  00000-0  95846-4 0  9995
2 43617  93.0353  99.0845 0017565 131.4336 228.8431 15.39610719 77752
CUBEBEL-1 (BSUSAT-1)    
1 43666U 18083E   20035.16766310  .00001037  00000-0  54215-4 0  9997
2 43666  97.5035  62.8811 0016884 106.2788 325.3338 15.17989786 70242
DEBRISSAT-2             
1 43680U 98067PR  20034.60331932  .00054528  00000-0  33768-3 0  9991
2 43680  51.6344 251.6384 0001566 247.0902 112.9932 15.76510225 92672
CICERO 10               
1 43690U 18088A   20035.13787901  .00000992  00000-0  44059-4 0  9999
2 43690  85.0407 166.7992 0017181  84.3095 276.0104 15.20010280 68334
IRVINE01                
1 43693U 18088D   20035.09049973  .00002439  00000-0  10367-3 0  9999
2 43693  85.0374 165.9034 0019832  69.1521 291.1842 15.22288527 68406
PROXIMA I               
1 43694U 18088E   20034.49375429  .00000973  00000-0  40870-4 0  9995
2 43694  85.0350 166.0937 0021235  63.1170 297.2239 15.21744002 68310
PROXIMA II              
1 43696U 18088G   20035.14981119  .00000912  00000-0  38227-4 0  9995
2 43696  85.0351 165.6626 0021231  60.8680 299.4683 15.21748974 68419
FACSAT-1                
1 43721U 18096C   20035.14031832  .00001330  00000-0  53109-4 0  9992
2 43721  97.4355 109.3821 0016475 233.9025 126.0689 15.26845910 65894
CENTAURI-2              
1 43722U 18096D   20034.22442264  .00001866  00000-0  72491-4 0  9995
2 43722  97.4363 108.6314 0016486 237.5889 122.3756 15.27248699 65754
INNOSAT-2               
1 43738U 18096V   20035.19005422  .00002338  00000-0  83561-4 0  9995
2 43738  97.4373 111.0299 0022429 243.8471 116.0462 15.29642981 66000
SIRION PATHFINDER-2     
1 43759U 18099B   20035.13599642  .00000289  00000-0  31499-4 0  9993
2 43759  97.7208 108.9936 0012842 271.3878  88.5871 14.95220866 63854
CORVUS-BC 4             
1 43767U 18099K   20035.02719395  .00000218  00000-0  25391-4 0  9995
2 43767  97.7195 108.4416 0010278 276.6442  83.3609 14.94664240 63828
MOVE-II                 
1 43780U 18099Y   20034.95598747  .00000688  00000-0  67696-4 0  9992
2 43780  97.7214 108.7204 0012034 284.6651  75.3235 14.95268885 63817
SPACEBEE-7              
1 43816U 18099BL  20034.92256849  .00000018  00000-0  68403-5 0  9998
2 43816  97.7224 108.9946 0012109 267.6274  92.3561 14.95578847 63383
SPACEBEE-5              
1 43817U 18099BM  20035.19171947  .00000609  00000-0  59377-4 0  9999
2 43817  97.7261 109.5175 0012023 265.9554  94.0293 14.96037376 63438
SPACEBEE-6              
1 43818U 18099BN  20035.10191627  .00000328  00000-0  34656-4 0  9999
2 43818  97.7239 109.2525 0011885 266.9116  93.0745 14.95728592 63561
SHIELDS 1               
1 43850U 18104B   20034.62434563  .00000041  00000-0  00000-0 0  9991
2 43850  85.0255 264.4659 0013788 197.7068 162.3821 15.21263924 62970
STF-1                   
1 43852U 18104D   20035.14774433  .00000041  00000-0  00000+0 0  9993
2 43852  85.0353 264.5615 0012877 211.1919 148.8728 15.20998916 63036
ZACUBE-2                
1 43907U 18111AH  20035.15947775  .00000502  00000-0  23238-4 0  9999
2 43907  97.2776 298.8774 0019891 257.2331 102.6684 15.24437081 61558
LUME 1                  
1 43908U 18111AJ  20034.98653662  .00000924  00000-0  39984-4 0  9992
2 43908  97.2776 298.8018 0019735 257.8473 102.0555 15.24762124 61538
AOBA VELOX-IV           
1 43940U 19003J   20035.11862791  .00002029  00000-0  84734-4 0  9991
2 43940  97.2475  90.9045 0023443 342.8764  76.1231 15.24523471 58189
CATSAT-2                
1 44029U 98067PV  20034.93300577  .00011387  00000-0  13800-3 0  9997
2 44029  51.6384 275.7790 0003330 293.6202  66.4442 15.61162382 57483
DELPHINI                
1 44030U 98067PW  20034.95166293  .00012942  00000-0  15306-3 0  9997
2 44030  51.6356 275.0950 0003139 286.7087  73.3562 15.61658784 57460
UNITE                   
1 44031U 98067PX  20034.72638770  .00008003  00000-0  10784-3 0  9995
2 44031  51.6374 279.6222 0002323 284.0053  76.0682 15.58832169 57382
TECHEDSAT 8             
1 44032U 98067PY  20034.89915335  .00071159  00000-0  43562-3 0  9991
2 44032  51.6298 261.1730 0002396 233.9723 126.1055 15.76662873 57626
CATSAT-1                
1 44033U 98067PZ  20034.93282949  .00012034  00000-0  14541-3 0  9997
2 44033  51.6386 275.7814 0003233 292.5391  67.5260 15.61176187 57394
RAAVANA-1               
1 44329U 98067QE  20034.95130327  .00007684  00000-0  11818-3 0  9998
2 44329  51.6399 287.1534 0006320 212.7768 147.2832 15.55277129 36056
UGUISU                  
1 44330U 98067QF  20034.70087735  .00008555  00000-0  13106-3 0  9997
2 44330  51.6398 288.4788 0006297 210.4205 149.6422 15.55215789 35993
NEPALISAT-1             
1 44331U 98067QG  20034.94623759  .00007591  00000-0  11671-3 0  9990
2 44331  51.6398 287.1199 0006294 214.2679 145.7907 15.55308195 36046
SPOOQY-1                
1 44332U 98067QH  20034.94408521  .00007427  00000-0  11448-3 0  9999
2 44332  51.6397 287.1023 0005145 215.1771 144.8881 15.55279000 36008
SPACEBEE-9              
1 44370U 19037F   20034.70207397  .00008944  00000-0  21706-3 0  9996
2 44370  45.0110 148.0733 0012165 117.3056 242.9289 15.41389966 33795
SPACEBEE-8              
1 44371U 19037G   20034.02778870  .00016251  00000-0  35780-3 0  9998
2 44371  45.0107 149.8017 0009653 104.4026 255.7988 15.43786411 33705
IOD-1 GEMS              
1 44385U 98067QK  20035.07166220  .00012053  00000-0  17538-3 0  9996
2 44385  51.6407 286.4850 0003316 172.3350 187.7693 15.56191353 33530
MOVE-IIB                
1 44398U 19038N   20035.15760699  .00000987  00000-0  60941-4 0  9990
2 44398  97.5192 358.2735 0024078 228.0224 131.8955 15.12021230 32281
SONATE                  
1 44400U 19038Q   20035.10042243  .00000453  00000-0  30171-4 0  9997
2 44400  97.5218 358.2357 0024077 226.2165 133.7074 15.11819975 32279
LUCKY-7                 
1 44406U 19038W   20034.93956541  .00000457  00000-0  30237-4 0  9995
2 44406  97.5214 358.1378 0023538 226.6493 133.2776 15.12048061 32244
BEESAT 9                
1 44412U 19038AC  20035.14124340  .00000656  00000-0  41760-4 0  9994
2 44412  97.5209 358.3201 0021531 231.9123 128.0166 15.12069643 31975
JAISAT-1                
1 44419U 19038F   20034.93974714  .00000645  00000-0  40620-4 0  9997
2 44419  97.5210 358.2845 0020388 232.0196 127.9194 15.12551617 32267
SWIATOWID               
1 44426U 98067QL  20035.21384348  .00015513  00000-0  22159-3 0  9990
2 44426  51.6417 285.7344 0004006 167.5843 283.5717 15.56441245 33571
KRAKSAT                 
1 44427U 98067QM  20035.08218871  .00005911  00000-0  96870-4 0  9996
2 44427  51.6413 288.0478 0004047 165.3879 194.7229 15.54011341 33571
VCC A                   
1 44428U 98067QN  20035.08742970  .00007601  00000-0  11919-3 0  9997
2 44428  51.6411 287.3362 0003138 180.9156 179.1830 15.54764668 33588
ENTRYSAT                
1 44429U 98067QP  20035.18471759  .00009044  00000-0  13798-3 0  9993
2 44429  51.6402 286.4775 0003098 171.6277 188.4766 15.55256064 33604
VCC C                   
1 44430U 98067QQ  20035.16564116  .00011530  00000-0  17089-3 0  9993
2 44430  51.6406 286.3559 0003129 181.3114 178.7870 15.55738069 32429
VCC B                   
1 44431U 98067QR  20034.12502513  .00008559  00000-0  13334-3 0  9998
2 44431  51.6409 292.1536 0003299 177.2170 182.8840 15.54755949 33370
DUCHIFAT-3              
1 44854U 19089C   20035.07479859  .00000367  00000-0  36232-4 0  9997
2 44854  36.9663 172.4402 0007848  42.9447 317.1904 14.98961606  8123
