BEIJING 1               
1 28890U 05043A   20035.09128973  .00000015  00000-0  12327-4 0  9993
2 28890  98.0085 167.9686 0015342  11.0919 349.0595 14.61279373760896
HJ-1A                   
1 33320U 08041A   20035.06826122 -.00000110  00000-0 -84220-5 0  9996
2 33320  97.8078  91.5424 0026191 150.6573 209.6116 14.77065374614766
HJ-1B                   
1 33321U 08041B   20035.07794583  .00000121  00000-0  24068-4 0  9996
2 33321  97.8153  93.6867 0035058 171.6240 188.5567 14.77195804614768
YAOGAN 4                
1 33446U 08061A   20035.14042356  .00000064  00000-0  15973-4 0  9999
2 33446  97.7086 356.5125 0017441  58.7188 301.5729 14.77004172602008
DEIMOS-1                
1 35681U 09041A   20034.95231466 -.00000070  00000-0 -35997-5 0  9999
2 35681  97.8308 273.6495 0002886 110.1303 250.0216 14.71818327564608
UK-DMC 2                
1 35683U 09041C   20035.12054778  .00000054  00000-0  16112-4 0  9997
2 35683  97.7109 244.8572 0001668 102.3332 257.8060 14.71131198564422
RISAT 1                 
1 38248U 12017A   20034.99575974  .00000224  00000-0  17699-4 0  9994
2 38248  97.5688  45.8549 0004205   8.1102 352.0194 15.09983218428349
DMC3-FM1                
1 40715U 15032A   20035.22001448  .00000011  00000-0  93688-5 0  9990
2 40715  97.9484 291.7083 0014587 298.7454  61.2285 14.73683804245889
DMC3-FM2                
1 40716U 15032B   20035.24227480 -.00001119  00000-0 -16377-3 0  9999
2 40716  97.9507 292.0455 0011839 308.0640  51.9587 14.73674465245897
DMC3-FM3                
1 40717U 15032C   20035.19751042  .00000018  00000-0  10435-4 0  9995
2 40717  97.9515 292.7060 0015534 299.5979  60.3687 14.73688140245880
