SAUDISAT 1C             
1 27607U 02058C   20035.04472394 -.00000041  00000-0  15026-4 0  9994
2 27607  64.5549  65.3133 0064395 210.3805 149.3560 14.75606855921023
SAUDISAT 2              
1 28371U 04025F   20035.07310867  .00000037  00000-0  19451-4 0  9998
2 28371  98.2648 345.4571 0024675 245.9927 113.8684 14.54368150827646
SAUDISAT 3              
1 31118U 07012B   20035.12217111 -.00000022  00000-0  42675-5 0  9994
2 31118  97.8510 358.3998 0016538  73.6231 286.6791 14.69153182686241
PISAT                   
1 41784U 16059B   20035.08266541  .00000048  00000-0  18330-4 0  9998
2 41784  98.0391  95.0933 0032246  19.2058 341.0352 14.63485729179258
FLYING LAPTOP           
1 42831U 17042G   20034.24450243  .00000129  00000-0  18404-4 0  9998
2 42831  97.5402 282.3187 0014679  21.6001 338.5834 14.91083088139149
