TDRS 3                  
1 19548U 88091B   20034.23244494 -.00000290  00000-0  00000-0 0  9996
2 19548  14.2422 358.6332 0040177 318.0876 210.8405  1.00279004102080
FLTSATCOM 8 (USA 46)    
1 20253U 89077A   20035.07256812 -.00000071  00000-0  00000+0 0  9992
2 20253  13.0455   6.5727 0003838 323.4420 261.7286  1.00270811237294
SKYNET 4C               
1 20776U 90079A   20034.53602625  .00000134  00000-0  00000+0 0  9992
2 20776  13.9775   7.0713 0003222 298.0870  54.3746  1.00275120107619
TDRS 5                  
1 21639U 91054B   20034.74150282  .00000092  00000-0  00000+0 0  9998
2 21639  14.2921  11.9074 0025415 352.7293 227.9488  1.00272359104398
TDRS 6                  
1 22314U 93003B   20034.80724295 -.00000287  00000-0  00000+0 0  9990
2 22314  14.0050  15.0214 0005118  44.8471 318.2050  1.00276012 99062
UFO 2 (USA 95)          
1 22787U 93056A   20033.60180517  .00000134  00000-0  00000-0 0  9993
2 22787  11.2404  16.2086 0002026 328.4543  32.8718  1.00274125 95265
USA 99 (MILSTAR-1 1)    
1 22988U 94009A   20034.88052118 -.00000264  00000-0  00000+0 0  9995
2 22988  13.9208  52.6173 0002607 245.8902 113.2068  1.00273333  8330
ASTRA 1D                
1 23331U 94070A   20034.01226130 -.00000262  00000-0  00000+0 0  9996
2 23331   8.9214  43.0140 0003874 273.4148 107.6452  1.00272069 92846
USA 107 (DSP 17)        
1 23435U 94084A   20034.12271212 -.00000158  00000-0  00000+0 0  9993
2 23435  14.5326  13.1372 0001232  28.6595  38.5946  1.00272789  8379
UFO 4 (USA 108)         
1 23467U 95003A   20033.88754073 -.00000016  00000-0  00000+0 0  9996
2 23467   9.8870  21.6214 0002698 332.0779 270.5602  1.00268845 91633
AMSC 1                  
1 23553U 95019A   20034.12359309 -.00000091  00000-0  00000-0 0  9994
2 23553  11.1318  32.1746 0008044 324.1297  74.4513  1.00272977 90853
TDRS 7                  
1 23613U 95035B   20034.00731810 -.00000193  00000-0  00000-0 0  9990
2 23613  14.2197   5.7243 0030160  18.0305 196.1356  1.00277898 89920
USA 113                 
1 23628U 95038A   20033.97570942 -.00000331  00000-0  00000+0 0  9994
2 23628  11.3119  31.0452 0001809 257.6767 299.0157  1.00270833  8287
USA 115 (MILSTAR-1 2)   
1 23712U 95060A   20033.18192792 -.00000194  00000-0  00000-0 0  9997
2 23712  13.1392  21.0749 0002229 321.6709 124.5739  1.00270962  9582
INMARSAT 3-F1           
1 23839U 96020A   20035.13521527  .00000010  00000-0  00000+0 0  9998
2 23839   5.8115  62.9983 0005670 258.9509 284.9711  1.00273778 87305
ASTRA 1F                
1 23842U 96021A   20034.42757694  .00000148  00000-0  00000+0 0  9992
2 23842   0.0970 293.2920 0004743  15.6513  22.3288  1.00272775 87015
MSAT M1                 
1 23846U 96022A   20034.57964425 -.00000081  00000-0  00000+0 0  9992
2 23846   9.1012  42.3729 0005840 297.4353 254.5570  1.00271007 87118
INMARSAT 3-F2           
1 24307U 96053A   20033.87931362 -.00000189  00000-0  00000-0 0  9995
2 24307   4.6150  72.7202 0006596 263.0818  93.4293  1.00003315 85655
AMC-1 (GE-1)            
1 24315U 96054A   20032.51749457  .00000072  00000-0  00000+0 0  9996
2 24315   3.6280  79.6811 0003337 222.8960 243.9904  1.00273961 85680
INMARSAT 3-F3           
1 24674U 96070A   20034.78019980  .00000040  00000-0  00000+0 0  9999
2 24674   5.3317  66.9922 0004788 256.3425 269.0151  1.00272383 84644
AMC-2 (GE-2)            
1 24713U 97002A   20034.94315662 -.00000208  00000-0  00000+0 0  9990
2 24713   6.1166  61.0858 0005320 259.1010  68.0640  1.00271068 35002
INTELSAT 26 (IS-26)     
1 24732U 97007A   20035.11625324  .00000011  00000-0  00000+0 0  9996
2 24732   8.8509  43.7835 0004039 306.0121 249.4297  1.00271323 83961
USA 130 (DSP 18)        
1 24737U 97008A   20034.20241566  .00000036  00000-0  00000-0 0  9991
2 24737  13.5002  20.9279 0001139 278.5858 274.5067  1.00262395  9606
GALAXY 25 (G-25)        
1 24812U 97026A   20034.75123744  .00000162  00000-0  00000-0 0  9992
2 24812   1.6080  91.6040 0003465 224.7275 120.3319  1.00271059 83051
INTELSAT 5 (IS-5)       
1 24916U 97046A   20033.71224597  .00000097  00000-0  00000-0 0  9999
2 24916   5.4350  66.3194 0002121 253.2543 292.1820  1.00273718 82294
AMC-3 (GE-3)            
1 24936U 97050A   20035.05535472 -.00000254  00000-0  00000+0 0  9997
2 24936   2.4909  86.7737 0003171 231.1474 123.6814  1.00271700 82139
NSS-5                   
1 24957U 97053A   20034.75472689  .00000111  00000-0  00000+0 0  9990
2 24957   5.6990  64.5078 0004166 245.5198 145.5444  1.00271082 81927
USA 134                 
1 25019U 97065A   20035.08127160 -.00000056  00000-0  00000+0 0  9990
2 25019  10.0635  36.9639 0008592 285.9127  88.3223  1.00275012  8291
ASTRA 1G                
1 25071U 97076A   20035.19215925  .00000025  00000-0  00000+0 0  9994
2 25071   4.3264  74.0025 0004187 235.8021 316.4544  1.00269740 81224
INMARSAT 3-F5           
1 25153U 98006B   20035.09278675 -.00000283  00000-0  00000+0 0  9996
2 25153   4.5283  70.9069 0004761 239.0406 163.1672  1.00274537 80578
UFO 8 (USA 138)         
1 25258U 98016A   20034.77889126 -.00000018  00000-0  00000+0 0  9992
2 25258   8.5294  33.3294 0004708 291.7650 260.2660  1.00270558 80250
ASTRA 2A                
1 25462U 98050A   20035.05178583 -.00000296  00000-0  00000+0 0  9995
2 25462   1.3082  94.6675 0003021 212.6740 304.9586  1.00267944 78429
JCSAT-4A                
1 25630U 99006A   20034.55678840 -.00000309  00000-0  00000-0 0  9995
2 25630   4.3080  74.8653 0002065 299.2319  97.2979  1.00140318 27295
SKYNET 4E               
1 25639U 99009B   20034.74434581 -.00000026  00000-0  00000+0 0  9995
2 25639  10.8007  21.8837 0003504 307.1396  71.0700  1.00271575 76706
ASIASAT 3S              
1 25657U 99013A   20034.91768372 -.00000219  00000-0  00000+0 0  9991
2 25657   4.5026  73.2962 0003469 247.2355 290.8911  1.00272025 76500
NIMIQ 1                 
1 25740U 99027A   20034.94280767 -.00000190  00000-0  00000+0 0  9997
2 25740   0.7782  95.4083 0005332 223.5653  67.4671  1.00270726 75897
ABS-7                   
1 25894U 99046A   20034.83960750 -.00000354  00000-0  00000-0 0  9996
2 25894   0.6556  96.2428 0003364 215.7650 239.8299  1.00273817 73815
ABS-6                   
1 25924U 99053A   20034.84815663 -.00000112  00000-0  00000+0 0  9992
2 25924   0.0435 295.3273 0001779   4.1887 298.3048  1.00269946 74551
TELSTAR 12 (ORION 2)    
1 25949U 99059A   20034.93827142 -.00000057  00000-0  00000+0 0  9998
2 25949   3.0024  84.9279 0007822 237.3587  39.8571  1.00272566 74219
AMC-4 (GE-4)            
1 25954U 99060A   20034.43172545  .00000096  00000-0  00000+0 0  9993
2 25954   0.1036 278.8595 0002913  22.2464 212.4630  1.00272372 74166
UFO 10 (USA 146)        
1 25967U 99063A   20033.80707150 -.00000175  00000-0  00000+0 0  9995
2 25967   7.7133  36.0481 0003688 316.5297  48.1225  1.00275869 74014
GALAXY 11 (G-11)        
1 26038U 99071A   20034.43901980 -.00000154  00000-0  00000+0 0  9998
2 26038   0.8980  98.7666 0000309  34.2847  64.9538  1.00272061 73754
USA 148                 
1 26052U 00001A   20033.90287404  .00000047  00000-0  00000-0 0  9999
2 26052   8.2052  47.4069 0002230 306.3765 283.9598  1.00275137  9639
ASIASTAR                
1 26107U 00016A   20035.05274544 -.00000327  00000-0  00000+0 0  9996
2 26107   3.7166  77.9857 0004397 234.5362 305.1666  1.00271339 72835
USA 149 (DSP 20)        
1 26356U 00024A   20034.67493831  .00000106  00000-0  00000+0 0  9994
2 26356  11.4356  27.4027 0001151 227.0272 316.3041  1.00281882  8282
EUTELSAT 80A            
1 26369U 00028A   20034.96960953  .00000128  00000-0  00000+0 0  9992
2 26369   3.0860  81.9779 0004323 223.6577 225.0904  1.00273770 72165
TDRS 8                  
1 26388U 00034A   20034.54719244 -.00000226  00000-0  00000+0 0  9999
2 26388   9.0217  48.4883 0017504 297.8794  73.0889  1.00267234 71857
INTELSAT 9 (IS-9)       
1 26451U 00043A   20034.95687307 -.00000152  00000-0  00000+0 0  9997
2 26451   5.4253  66.5158 0004464 258.8605 136.7660  1.00107298 71535
BRASILSAT B4            
1 26469U 00046A   20034.94167361 -.00000165  00000-0  00000+0 0  9995
2 26469   3.6928  79.3722 0003202 238.2897  62.8891  1.00271738 71318
ASTRA 2B                
1 26494U 00054A   20034.89212358  .00000124  00000-0  00000+0 0  9997
2 26494   4.2233  74.6396 0005222 234.9759 164.6509  1.00274079 70925
AMC-7 (GE-7)            
1 26495U 00054B   20034.85408868 -.00000083  00000-0  00000+0 0  9992
2 26495   1.0472  97.4935 0002067 230.5189 301.4426  0.99136035 70937
NSS-11 (AAP-1)          
1 26554U 00059A   20034.77976362  .00000033  00000-0  00000-0 0  9998
2 26554   0.0591 280.4312 0002429  22.3228 287.3612  1.00271362 17981
USA 153                 
1 26575U 00065A   20034.91506663 -.00000317  00000-0  00000+0 0  9992
2 26575   7.6772  50.6437 0001680 258.6884 288.0417  1.00274123  8296
AMC-6 (GE-6)            
1 26580U 00067A   20034.96785519 -.00000207  00000-0  00000+0 0  9992
2 26580   0.0484 281.7771 0002767  49.8306  67.4122  1.00271677 70677
INTELSAT 12 (IS-12)     
1 26590U 00068A   20035.08249498  .00000019  00000-0  00000+0 0  9999
2 26590   2.6204  87.3904 0005276 212.1845 288.0665  1.00273340 70486
INTELSAT 1R (IS-1R)     
1 26608U 00072A   20034.91960292 -.00000132  00000-0  00000+0 0  9994
2 26608   2.4116  87.0393 0001519 298.4176 236.2282  1.00270869 70332
ANIK F1                 
1 26624U 00076A   20034.36434578 -.00000065  00000-0  00000+0 0  9993
2 26624   0.0226 129.6609 0000545 197.6403 189.5356  1.00272835 70405
ASTRA 2D                
1 26638U 00081A   20034.75019061  .00000154  00000-0  00000-0 0  9992
2 26638   5.5214  65.4192 0001808 244.8208 120.9509  1.00535278 29598
AMC-8 (GE-8)            
1 26639U 00081B   20034.87961689  .00000113  00000-0  00000+0 0  9992
2 26639   0.3433  96.7182 0002545 200.1042  14.3291  1.00272439 69956
USA 157 (MILSTAR-2 2)   
1 26715U 01009A   20034.41197664 -.00000299  00000-0  00000+0 0  9998
2 26715   9.1986  31.1789 0001958 339.6704  42.1115  1.00540354  8329
EUTELSAT 33C            
1 26719U 01011A   20035.05635281  .00000084  00000-0  00000+0 0  9999
2 26719   1.6527  89.7407 0005348 224.5395  66.8130  1.00273983 69263
INTELSAT 10 (IS-10)     
1 26766U 01019A   20035.11311274  .00000130  00000-0  00000+0 0  9991
2 26766   3.5882  79.8921 0002427 237.3073 264.7458  1.00274111 68615
INTELSAT 901 (IS-901)   
1 26824U 01024A   20035.55196194  .00000061  00000-0  00000+0 0  9995
2 26824   1.5908  91.5449 0000452  88.5727   5.8557  0.99197379 68285
ASTRA 2C                
1 26853U 01025A   20034.74940549  .00000143  00000-0  00000-0 0  9991
2 26853   2.5161  86.5304 0003159 220.0394 120.2746  1.00270103 21734
USA 159 (DSP 21)        
1 26880U 01033A   20034.87842751 -.00000289  00000-0  00000+0 0  9991
2 26880  10.6426  31.2524 0001040 315.5092  53.6459  1.00280369  8304
INTELSAT 902 (IS-902)   
1 26900U 01039A   20035.07554140 -.00000047  00000-0  00000+0 0  9997
2 26900   0.3020  98.5745 0004934 235.1948 185.3638  1.00064465 67456
EUTELSAT 12 WEST B      
1 26927U 01042A   20034.38327601 -.00000092  00000-0  00000+0 0  9993
2 26927   0.7567  94.3471 0005151 229.7468 294.3873  1.00271821 67204
USA 164 (MILSTAR-2 3)   
1 27168U 02001A   20034.17417130  .00000109  00000-0  00000-0 0  9990
2 27168   8.6333  32.4798 0002592 282.2045 259.8054  1.00276059  9634
ECHOSTAR 7              
1 27378U 02006A   20034.72202052  .00000008  00000-0  00000+0 0  9991
2 27378   0.0389 275.0380 0002045  68.6828 290.7460  1.00273369 65744
INTELSAT 904 (IS-904)   
1 27380U 02007A   20034.45166903 -.00000206  00000-0  00000+0 0  9990
2 27380   1.1398  94.7532 0002866 223.0049 308.4180  1.00272211 65760
TDRS 9                  
1 27389U 02011A   20034.51683432 -.00000281  00000-0  00000+0 0  9995
2 27389   7.2112  68.6872 0026683 268.2049 279.8222  1.00280251 67113
JCSAT 2A                
1 27399U 02015A   20034.98348006 -.00000352  00000-0  00000+0 0  9995
2 27399   2.5943  86.3386 0001395 195.8731 322.8751  1.00135070 65300
ASTRA 3A                
1 27400U 02015B   20034.58383157 -.00000197  00000-0  00000+0 0  9997
2 27400   5.6524  64.1820 0003142 246.3927 306.0230  1.00271997 65394
INTELSAT 903 (IS-903)   
1 27403U 02016A   20035.03104958 -.00000218  00000-0  00000+0 0  9996
2 27403   1.9717  89.8651 0001216 266.9904 116.4625  1.00270693 65336
NSS-7                   
1 27414U 02019A   20034.38179299 -.00000151  00000-0  00000+0 0  9994
2 27414   3.9375  77.6142 0002609 235.0516 297.7764  1.00272204 65239
DIRECTV 5 (TEMPO 1)     
1 27426U 02023A   20034.36382236 -.00000047  00000-0  00000-0 0  9992
2 27426   0.0186  86.5635 0003423 230.4619 196.8245  1.00271468 65014
INTELSAT 905 (IS-905)   
1 27438U 02027A   20035.02480054 -.00000177  00000-0  00000+0 0  9993
2 27438   0.9621  95.7629 0002666 203.5777 178.7371  1.00272279 64658
EXPRESS-A4              
1 27441U 02029A   20034.48124203 -.00000300  00000-0  00000+0 0  9997
2 27441   7.6255  50.9059 0000850 263.9343 110.3591  0.99596357 64650
GALAXY 3C (G-3C)        
1 27445U 02030A   20034.71090903 -.00000141  00000-0  00000-0 0  9992
2 27445   0.0136  18.0121 0001786 307.7201 328.4784  1.00267464 23189
EUTELSAT 5 WEST A       
1 27460U 02035A   20035.01924344 -.00000034  00000-0  00000+0 0  9993
2 27460   0.2530  98.6534 0005592 215.9866 180.9227  1.00272068 64436
N-STAR C                
1 27461U 02035B   20034.34114101 -.00000307  00000-0  00000+0 0  9994
2 27461   6.3947  59.6815 0003665 332.3850 359.6588  1.00268248 64330
METEOSAT-8 (MSG-1)      
1 27509U 02040B   20032.24036990  .00000143  00000-0  00000+0 0  9996
2 27509   6.4856  54.6778 0000973 243.7563 320.3067  1.00273032 63907
INTELSAT 906 (IS-906)   
1 27513U 02041A   20035.08249498  .00000023  00000-0  00000+0 0  9993
2 27513   0.0099 126.1339 0002503 215.6930 245.6968  1.00271371 63651
HISPASAT 30W-4          
1 27528U 02044A   20034.72202052  .00000066  00000-0  00000+0 0  9994
2 27528   0.7554  95.0227 0007353 228.4065 311.2834  0.99756007 63629
TDRS 10                 
1 27566U 02055A   20034.24950451  .00000097  00000-0  00000-0 0  9993
2 27566   6.6725  54.2472 0009422 272.4656  84.9429  1.00266691 62901
NSS-6                   
1 27603U 02057A   20034.48067927 -.00000188  00000-0  00000+0 0  9991
2 27603   0.1107 276.3737 0004406   9.5522 293.4195  1.00273890 62721
NIMIQ 2                 
1 27632U 02062A   20033.91237608 -.00000231  00000-0  00000-0 0  9991
2 27632   4.0510  76.8028 0009058 325.7560 204.4718  1.00271036 62546
INTELSAT 907 (IS-907)   
1 27683U 03007A   20034.09312906 -.00000193  00000-0  00000+0 0  9998
2 27683   0.0031  42.9049 0002652 275.1856 180.6587  1.00271610 62066
USA 167                 
1 27691U 03008A   20035.07778216  .00000061  00000-0  00000+0 0  9990
2 27691   6.3939  59.5907 0003165 302.4359  29.7816  1.00269481  8308
USA 169 (MILSTAR-2 4)   
1 27711U 03012A   20035.07970135 -.00000001  00000-0  00000+0 0  9997
2 27711   8.8634  45.7793 0002205 271.5141  85.0960  1.00273713  8330
GALAXY 12 (G-12)        
1 27715U 03013B   20035.07786941  .00000066  00000-0  00000+0 0  9992
2 27715   1.1776  93.8400 0002013 227.5356  71.3484  1.00273685 61697
ASIASAT 4               
1 27718U 03014A   20034.96769032  .00000162  00000-0  00000+0 0  9992
2 27718   0.0101  95.6323 0002423 235.9345 188.5743  1.00269442 61606
HELLAS-SAT 2            
1 27811U 03020A   20034.94106296 -.00000143  00000-0  00000+0 0  9998
2 27811   1.5968  93.7133 0003103 216.6323  66.7862  1.00271158 61025
THURAYA-2               
1 27825U 03026A   20035.14077260  .00000136  00000-0  00000+0 0  9991
2 27825   5.7829  32.5636 0004984 282.3630 273.5027  1.00273905 61023
OPTUS C1                
1 27831U 03028B   20034.91925397 -.00000143  00000-0  00000+0 0  9996
2 27831   1.1010  96.0739 0005150 218.2348 305.8533  1.00271076 61007
GALAXY 23 (G-23)        
1 27854U 03034A   20033.79563192  .00000022  00000-0  00000-0 0  9990
2 27854   0.0272 102.4788 0002874 211.5176 343.8684  1.00271453 60413
USA 170                 
1 27875U 03040A   20034.44905194 -.00000266  00000-0  00000+0 0  9995
2 27875   5.6167  65.1179 0000708 327.5286 219.6220  1.00277850  8306
GALAXY 13 (HORIZONS 1)  
1 27954U 03044A   20034.93469473  .00000057  00000-0  00000+0 0  9993
2 27954   0.0144 263.7246 0001530 116.2250 323.0546  1.00272776 59834
YAMAL 202               
1 28089U 03053A   20034.84902899 -.00000071  00000-0  00000-0 0  9995
2 28089   0.5328  96.5863 0003522 214.9307 291.0729  1.00271854 59363
UFO 11 (USA 174)        
1 28117U 03057A   20034.07356372 -.00000095  00000-0  00000+0 0  9990
2 28117   5.9157  37.2266 0006603 295.3776 262.1586  1.00271124 59099
USA 176 (DSP 22)        
1 28158U 04004A   20034.49354959 -.00000209  00000-0  00000+0 0  9990
2 28158   8.9920  39.9934 0000451 303.5561  54.5421  1.00268756  8288
ABS-4 (MOBISAT-1)       
1 28184U 04007A   20034.46972689  .00000050  00000-0  00000+0 0  9998
2 28184   0.2131  98.2958 0005208 222.1293  42.7269  1.00272825 58267
EUTELSAT 7A             
1 28187U 04008A   20034.96140934  .00000056  00000-0  00000+0 0  9993
2 28187   0.0647  18.3145 0003974 277.4341 190.9188  1.00271409 58269
DIRECTV 7S              
1 28238U 04016A   20034.29028241  .00000010  00000-0  00000+0 0  9991
2 28238   0.0480 272.4043 0003253  49.8196 156.1228  1.00273139 57732
AMC-11 (GE-11)          
1 28252U 04017A   20034.93382237  .00000077  00000-0  00000+0 0  9990
2 28252   0.0471 287.4599 0002521  20.9691  30.3129  1.00277738 57391
INTELSAT 10-02          
1 28358U 04022A   20034.33276777 -.00000002  00000-0  00000+0 0  9997
2 28358   0.0180  90.5923 0003036 221.2217 299.9456  1.00271572 57308
ANIK F2                 
1 28378U 04027A   20033.79007468 -.00000040  00000-0  00000-0 0  9995
2 28378   0.0112  51.7960 0000271 196.8073  57.1654  1.00271573 17952
AMC-15                  
1 28446U 04041A   20034.93914378 -.00000080  00000-0  00000+0 0  9994
2 28446   0.0183   5.0578 0002884 309.7997  51.7444  1.00272367 56036
AMC-16                  
1 28472U 04048A   20034.58418052 -.00000197  00000-0  00000+0 0  9998
2 28472   0.0333 300.5392 0002882 357.8548 320.1251  1.00271930 55496
NSS-10 (AMC-12)         
1 28526U 05003A   20034.45009878 -.00000242  00000-0  00000+0 0  9999
2 28526   0.7032  95.7904 0002854 219.7106 302.1562  1.00272845 54991
XTAR-EUR                
1 28542U 05005A   20034.54943199  .00000160  00000-0  00000+0 0  9990
2 28542   0.0260  96.2337 0003307 224.4840  39.2418  1.00272658 54869
XM-3 (RHYTHM)           
1 28626U 05008A   20035.01924291 -.00000197  00000-0  00000+0 0  9992
2 28626   0.0041 221.5775 0000291  69.7917 124.0948  1.00269612 54757
INMARSAT 4-F1           
1 28628U 05009A   20034.30626524 -.00000252  00000-0  00000+0 0  9996
2 28628   3.1278  25.9056 0002901 292.6714  68.1113  1.00271433 54346
APSTAR 6                
1 28638U 05012A   20034.92073698 -.00000076  00000-0  00000+0 0  9991
2 28638   1.3438  93.4889 0006894 236.1643 298.3266  1.00272081 79093
SPACEWAY 1              
1 28644U 05015A   20034.71529623  .00000099  00000-0  00000+0 0  9996
2 28644   0.7979  94.5573 0003217 351.5476 157.2897  0.99478337 54193
DIRECTV 8               
1 28659U 05019A   20035.05232116 -.00000108  00000-0  00000+0 0  9994
2 28659   0.0162  97.7939 0003211 209.2635 104.6865  1.00272558 53872
GALAXY 28 (G-28)        
1 28702U 05022A   20035.01924291 -.00000177  00000-0  00000+0 0  9991
2 28702   0.0187  78.0187 0002561 263.1420  70.3652  1.00271269 53515
EXPRESS-AM3             
1 28707U 05023A   20034.98060126 -.00000314  00000-0  00000+0 0  9993
2 28707   1.5185  91.6680 0000688 184.5653 313.3861  1.00269423 53527
THAICOM 4               
1 28786U 05028A   20034.98382899 -.00000354  00000-0  00000+0 0  9993
2 28786   0.0180  81.5663 0002472 229.8564 295.8446  1.00269003 53009
GALAXY 14 (G-14)        
1 28790U 05030A   20035.07865451  .00000045  00000-0  00000+0 0  9998
2 28790   0.0537 284.8648 0002623  25.7872  86.3594  1.00272496 52998
ANIK F1R                
1 28868U 05036A   20034.43614101 -.00000065  00000-0  00000+0 0  9996
2 28868   0.0214 342.5223 0002356 359.5487 200.7012  1.00271276 52835
GALAXY 15 (G-15)        
1 28884U 05041A   20034.71817501  .00000088  00000-0  00000+0 0  9994
2 28884   0.0438 264.6618 0001689  50.6973 303.5026  1.00272142 52302
SYRACUSE 3A             
1 28885U 05041B   20034.77966101  .00000137  00000-0  00000+0 0  9997
2 28885   0.0534 102.5567 0002639 213.2620 145.2411  1.00273675 52418
INMARSAT 4-F2           
1 28899U 05044A   20034.75743119  .00000018  00000-0  00000+0 0  9993
2 28899   2.9681  28.8288 0003044 288.2113 152.9262  1.00272717 52186
TELKOM 2                
1 28902U 05046A   20034.91960292 -.00000130  00000-0  00000+0 0  9997
2 28902   0.0202 110.5101 0001216 316.9601 194.1203  1.00270999 51926
SPACEWAY 2              
1 28903U 05046B   20034.94027784 -.00000118  00000-0  00000+0 0  9997
2 28903   0.0040 231.4487 0000271 131.1338  10.4009  1.00272628 52185
METEOSAT-9 (MSG-2)      
1 28912U 05049B   20035.07567859  .00000028  00000-0  00000+0 0  9996
2 28912   4.1407  70.6390 0000700 350.0009 104.0103  1.00279729 51764
EUTELSAT 174A           
1 28924U 05052A   20034.85112267  .00000018  00000-0  00000+0 0  9996
2 28924   0.0685  33.9422 0006220 282.6018 297.3271  1.00273000 51668
ECHOSTAR 10             
1 28935U 06003A   20034.93809694 -.00000047  00000-0  00000+0 0  9994
2 28935   0.0394 290.3450 0001734  10.9117  59.8238  1.00270773 51202
HIMAWARI-7 (MTSAT-2)    
1 28937U 06004A   20034.88278507 -.00000234  00000-0  00000+0 0  9992
2 28937   0.0871 266.0565 0002494  34.0683 296.1840  1.00271802 51030
SPAINSAT                
1 28945U 06007A   20034.71278932 -.00000208  00000-0  00000+0 0  9999
2 28945   0.0429 249.5409 0005069  39.8858  70.5020  1.00271013 50913
EUTELSAT HOT BIRD 13E   
1 28946U 06007B   20035.03730177  .00000095  00000-0  00000+0 0  9993
2 28946   0.0350 181.5679 0004182 119.9210 218.5768  1.00271631 50984
JCSAT-5A                
1 29045U 06010A   20034.98635885 -.00000319  00000-0  00000+0 0  9991
2 29045   0.0425 258.8565 0001446 102.8644 259.0221  1.00272409 50621
ASTRA 1KR               
1 29055U 06012A   20035.03730177  .00000129  00000-0  00000+0 0  9999
2 29055   0.0645 267.8927 0004537   6.2282 252.1384  1.00275991 50439
GOES 13                 
1 29155U 06018A   20034.83158178 -.00000023  00000-0  00000-0 0  9993
2 29155   0.3613  93.6441 0008694 178.9864 236.1379  0.99971289 20056
EUTELSAT 113 WEST A     
1 29162U 06020A   20035.08109713 -.00000029  00000-0  00000+0 0  9998
2 29162   0.0101  91.2401 0002973 229.3776  89.2546  1.00271972 50152
THAICOM 5               
1 29163U 06020B   20033.71576955 -.00000113  00000-0  00000-0 0  9998
2 29163   0.1164 105.3564 0005672 209.4862 153.6956  1.00271305 50177
GALAXY 16 (G-16)        
1 29236U 06023A   20034.10572986 -.00000118  00000-0  00000-0 0  9991
2 29236   0.0028 235.9039 0003010  84.2770 111.6148  1.00272894 49892
EUTELSAT HOT BIRD 13B   
1 29270U 06032A   20034.96263064  .00000095  00000-0  00000+0 0  9999
2 29270   0.0605   9.4418 0004982 311.7250 171.9348  1.00270912 49548
JCSAT-3A                
1 29272U 06033A   20033.87576035 -.00000336  00000-0  00000-0 0  9996
2 29272   0.0070 230.4220 0002458  92.7330 252.6323  1.00271922 24415
SYRACUSE 3B             
1 29273U 06033B   20035.01924344 -.00000035  00000-0  00000+0 0  9990
2 29273   0.0155  98.6128 0003650 220.9718 175.7742  1.00271911 49438
KOREASAT 5 (MUGUNGWHA 5)
1 29349U 06034A   20035.05440292 -.00000350  00000-0  00000+0 0  9994
2 29349   0.0251 220.8408 0000941  50.9785 354.4976  1.00270480 49327
DIRECTV 9S              
1 29494U 06043A   20034.35178619 -.00000104  00000-0  00000+0 0  9995
2 29494   0.0209 139.7793 0003128 169.2539 209.3869  1.00271979 48789
OPTUS D1                
1 29495U 06043B   20034.77662312 -.00000102  00000-0  00000-0 0  9999
2 29495   0.0142  93.9679 0003643 220.0357 258.9793  1.00271830 48801
XM-4 (BLUES)            
1 29520U 06049A   20034.43457076 -.00000013  00000-0  00000+0 0  9996
2 29520   0.0047 139.8018 0000411 195.8282 198.5589  1.00271249 48678
BADR-4                  
1 29526U 06051A   20034.82163689  .00000153  00000-0  00000+0 0  9996
2 29526   0.0460 353.5133 0005760 330.9220 130.7846  1.00273833 48576
WILDBLUE-1              
1 29643U 06054A   20035.44037772 -.00000041  00000-0  00000+0 0  9998
2 29643   0.0111 117.0153 0001722 200.4227 223.9641  1.00272162 48231
AMC-18                  
1 29644U 06054B   20035.07586299  .00000113  00000-0  00000+0 0  9990
2 29644   0.0521 271.8556 0000958  78.0320  32.1078  1.00271261 48240
MEASAT-3                
1 29648U 06056A   20034.76292706 -.00000233  00000-0  00000+0 0  9992
2 29648   0.0398 130.3585 0000581 186.7688 182.4030  1.00270396 48237
INSAT-4B                
1 30793U 07007A   20034.97658840 -.00000156  00000-0  00000+0 0  9994
2 30793   0.1239 100.7419 0008849 182.3526 285.0882  1.00271174 47240
SKYNET 5A               
1 30794U 07007B   20034.77595962 -.00000262  00000-0  00000-0 0  9997
2 30794   0.2550  83.6233 0003325 235.0331 189.2642  1.00269932 47388
ANIK F3                 
1 31102U 07009A   20035.07996306  .00000008  00000-0  00000+0 0  9990
2 31102   0.0169  94.7491 0002579 222.9438  86.0884  1.00270377 47026
ASTRA 1L                
1 31306U 07016A   20035.07606738  .00000128  00000-0  00000+0 0  9994
2 31306   0.0755 291.0883 0005182  15.8670 233.3036  1.00271404 46724
GALAXY 17 (G-17)        
1 31307U 07016B   20034.14528209 -.00000165  00000-0  00000-0 0  9991
2 31307   0.0206  65.3236 0003200 268.3860 120.3770  1.00272589 46630
ZHONGXING-6B            
1 31800U 07031A   20034.15432751 -.00000353  00000-0  00000+0 0  9991
2 31800   0.0114 110.0923 0003442 183.5075  10.2310  1.00274347 46148
DIRECTV 10              
1 31862U 07032A   20035.08310355 -.00000094  00000-0  00000+0 0  9990
2 31862   0.0090 274.4608 0000490  66.6555  79.7515  1.00267821 46098
SPACEWAY 3              
1 32018U 07036A   20034.74884725 -.00000143  00000-0  00000+0 0  9992
2 32018   0.0050 143.8923 0000064 202.2546 321.8609  1.00271164 45800
BSAT-3A                 
1 32019U 07036B   20034.98190980 -.00000342  00000-0  00000+0 0  9993
2 32019   0.0579 239.3083 0002964  28.4634 329.1646  1.00272557 45744
INSAT-4CR               
1 32050U 07037A   20035.00674420  .00000133  00000-0  00000+0 0  9996
2 32050   1.0191  94.5777 0009223 189.4283 259.8806  1.00270279 45537
OPTUS D2                
1 32252U 07044A   20034.91855608 -.00000175  00000-0  00000+0 0  9993
2 32252   0.0557 274.4137 0003758  37.6246 304.1803  1.00271398 45124
INTELSAT 11 (IS-11)     
1 32253U 07044B   20035.00942852 -.00000260  00000-0  00000+0 0  9998
2 32253   0.0044  60.1625 0001706 274.5217 119.3455  1.00271793 45217
WGS F1 (USA 195)        
1 32258U 07046A   20035.07573959  .00000049  00000-0  00000+0 0  9994
2 32258   0.0192 103.8625 0001035 241.6562 181.4008  1.00270580 45008
STAR ONE C1             
1 32293U 07056A   20035.05535472 -.00000268  00000-0  00000+0 0  9994
2 32293   0.0162  85.6067 0003063 229.6719 133.3136  1.00271076 44798
SKYNET 5B               
1 32294U 07056B   20035.04285308  .00000150  00000-0  00000+0 0  9993
2 32294   0.0688  22.4342 0004340 297.1549 214.5674  1.00272882 44871
ASTRA 4A (SIRIUS 4)     
1 32299U 07057A   20034.38667821  .00000041  00000-0  00000+0 0  9998
2 32299   0.0235 330.2250 0003139 335.4938 331.2999  1.00271384 44632
HORIZONS 2              
1 32388U 07063B   20035.04873258 -.00000174  00000-0  00000+0 0  9999
2 32388   0.0099  17.9363 0003106 306.2431 271.8701  1.00271080 44566
THURAYA-3               
1 32404U 08001A   20035.05143690 -.00000293  00000-0  00000+0 0  9994
2 32404   3.7682   7.5482 0005000 300.7040 302.4369  1.00271066 44217
EXPRESS-AM33            
1 32478U 08003A   20035.07410275 -.00000272  00000-0  00000+0 0  9992
2 32478   0.0362 248.9608 0000491 134.7264 233.1671  1.00269676 44294
THOR 5                  
1 32487U 08006A   20034.45743925 -.00000000  00000-0  00000-0 0  9997
2 32487   0.0378 252.7020 0002532  59.6429 344.6610  1.00271611 43986
AMC-14                  
1 32708U 08011A   20034.24561758  .00000087  00000-0  00000+0 0  9991
2 32708  20.7510  49.2502 0042233 354.1498 195.8930  1.00274857 44778
DIRECTV 11              
1 32729U 08013A   20034.71090903 -.00000117  00000-0  00000+0 0  9992
2 32729   0.0009 178.8349 0000192 136.1293 335.0908  1.00270166 43616
ICO G1                  
1 32763U 08016A   20034.94149914 -.00000163  00000-0  00000+0 0  9996
2 32763   3.6221  10.3865 0002286 308.2775  60.9827  1.00272089 43154
VINASAT-1               
1 32767U 08018A   20034.77104001 -.00000320  00000-0  00000-0 0  9997
2 32767   0.0470 277.9741 0001444  58.5107 206.4172  1.00272347 43289
STAR ONE C2             
1 32768U 08018B   20034.51535131 -.00000256  00000-0  00000-0 0  9990
2 32768   0.0265 200.5073 0001505 117.7910 290.3674  1.00270912 43353
TIANLIAN 1-01           
1 32779U 08019A   20034.76065892 -.00000133  00000-0  00000-0 0  9996
2 32779   3.8328  73.0931 0035881 251.7033 162.4631  1.00271156 43107
AMOS-3                  
1 32794U 08022A   20034.02604457 -.00000027  00000-0  00000+0 0  9993
2 32794   0.0525 266.2875 0002115  79.9354 151.6936  1.00266258 43122
GALAXY 18 (G-18)        
1 32951U 08024A   20035.07909069  .00000033  00000-0  00000+0 0  9999
2 32951   0.0048  47.5257 0003048 271.1609  80.4724  1.00273000 42773
CHINASAT 9 (ZX 9)       
1 33051U 08028A   20034.97842036 -.00000239  00000-0  00000+0 0  9992
2 33051   0.0146 125.6186 0004998 202.2910 250.1248  1.00270607 42696
SKYNET 5C               
1 33055U 08030A   20035.02480056 -.00000132  00000-0  00000+0 0  9998
2 33055   0.0591  11.7250 0003032 277.6460 195.3476  1.00271326 42585
TURKSAT 3A              
1 33056U 08030B   20034.42757694  .00000155  00000-0  00000+0 0  9991
2 33056   0.0269  79.5928 0003498 252.2498 357.1219  1.00270685 42768
INTELSAT 25 (IS-25)     
1 33153U 08034A   20034.21526715 -.00000215  00000-0  00000-0 0  9997
2 33153   0.0388 258.7826 0002679  31.1949 248.8557  1.00272542 42418
BADR-6                  
1 33154U 08034B   20034.24736230  .00000153  00000-0  00000+0 0  9995
2 33154   0.0518  40.7338 0004254 311.7886 255.3898  1.00272035 42428
ECHOSTAR 11             
1 33207U 08035A   20034.93809694 -.00000048  00000-0  00000+0 0  9990
2 33207   0.0156 172.1469 0002798 142.8911  46.2377  1.00271565 42340
SUPERBIRD-C2            
1 33274U 08038A   20034.77339538 -.00000242  00000-0  00000-0 0  9991
2 33274   0.0305 239.1153 0001732  78.8228 237.8202  1.00273691 82419
AMC-21                  
1 33275U 08038B   20034.72757775  .00000045  00000-0  00000+0 0  9993
2 33275   0.0384 289.3407 0002647  19.7242 321.3042  1.00271467 42148
INMARSAT 4-F3           
1 33278U 08039A   20034.46797823 -.00000131  00000-0  00000+0 0  9993
2 33278   3.1071  11.5832 0002563 313.1911 238.7929  1.00269709 41944
NIMIQ 4                 
1 33373U 08044A   20034.43112559 -.00000212  00000-0  00000+0 0  9999
2 33373   0.0119  65.1538 0002370 258.2212 242.8825  1.00272428 41512
GALAXY 19 (G-19)        
1 33376U 08045A   20033.69424257 -.00000130  00000-0  00000-0 0  9991
2 33376   0.0175  93.2947 0003650 235.2983 316.6682  1.00271702 41611
VENESAT-1               
1 33414U 08055A   20034.40453187 -.00000229  00000-0  00000+0 0  9997
2 33414   0.0456 276.4493 0001611  32.7419 251.4808  1.00270387 41238
ASTRA 1M                
1 33436U 08057A   20034.82032834  .00000128  00000-0  00000+0 0  9998
2 33436   0.0181 124.2156 0000485 132.8806 190.8230  1.00271879 41167
CIEL-2                  
1 33453U 08063A   20035.07795663  .00000066  00000-0  00000+0 0  9999
2 33453   0.0118 132.0608 0003155 180.8484  79.9959  1.00272160 40839
EUTELSAT HOT BIRD 13C   
1 33459U 08065A   20035.03730177  .00000095  00000-0  00000+0 0  9994
2 33459   0.0454  42.6679 0002974 294.4837 182.9113  1.00271100 40935
EUTELSAT 48D            
1 33460U 08065B   20035.00674420  .00000132  00000-0  00000+0 0  9993
2 33460   0.0783 299.3510 0002560 348.2206 256.5947  1.00272013 40797
FENGYUN 2E              
1 33463U 08066A   20034.83513916 -.00000195  00000-0  00000-0 0  9990
2 33463   4.0619  68.8737 0004811 282.4965 169.3711  1.00265921 40772
EXPRESS-AM44            
1 33595U 09007A   20034.31174248 -.00000080  00000-0  00000+0 0  9998
2 33595   0.0474 261.9133 0000387 161.5463 170.7035  1.00272439 40231
NSS-9                   
1 33749U 09008A   20034.78115940  .00000080  00000-0  00000-0 0  9995
2 33749   0.0569 285.3166 0002232  25.7115 286.6640  1.00272796 40212
EUTELSAT 33E            
1 33750U 09008B   20034.26230119  .00000165  00000-0  00000+0 0  9999
2 33750   0.0562 351.8067 0004655 318.7783 309.8289  1.00277407 40270
TELSTAR 11N             
1 34111U 09009A   20034.73719247 -.00000242  00000-0  00000+0 0  9995
2 34111   0.0241  90.8821 0002964 212.0783  58.2449  1.00271026 40107
EUTELSAT 10A            
1 34710U 09016A   20034.74670118  .00000077  00000-0  00000+0 0  9997
2 34710   0.0689  33.7991 0005183 283.6654  94.7006  1.00273279 39653
WGS F2 (USA 204)        
1 34713U 09017A   20034.77410406  .00000056  00000-0  00000+0 0  9993
2 34713   0.0153  81.2326 0001325 239.3062 151.7449  1.00270261 39627
SES-7 (PROTOSTAR 2)     
1 34941U 09027A   20034.98164810 -.00000336  00000-0  00000+0 0  9997
2 34941   0.0114  89.2923 0002079 197.2270 308.7246  1.00270310 39307
MEASAT-3A               
1 35362U 09032A   20035.05004112 -.00000233  00000-0  00000+0 0  9994
2 35362   0.0575 250.5162 0002509  35.6807 316.9773  1.00273153 38913
GOES 14                 
1 35491U 09033A   20034.29316119 -.00000085  00000-0  00000+0 0  9991
2 35491   0.0161  63.6976 0010841 172.2983 258.2885  1.00272589 38839
SIRIUS FM-5             
1 35493U 09034A   20035.08641852 -.00000192  00000-0  00000+0 0  9996
2 35493   0.0200 329.0879 0000462  43.2234  66.3608  1.00271296 38666
TERRESTAR-1             
1 35496U 09035A   20035.05171986 -.00000048  00000-0  00000+0 0  9993
2 35496   2.5023  12.7134 0002835 313.1655  75.3987  1.00272543 38847
ASIASAT 5               
1 35696U 09042A   20034.77024310 -.00000298  00000-0  00000-0 0  9997
2 35696   0.0613 271.7609 0001291  31.7656 207.6395  1.00268859 38376
JCSAT-RA (JCSAT-12)     
1 35755U 09044A   20034.92195828 -.00000023  00000-0  00000+0 0  9990
2 35755   0.0812 265.7135 0001526  67.3682 301.2546  1.00270963 38340
OPTUS D3                
1 35756U 09044B   20034.91934122 -.00000139  00000-0  00000+0 0  9996
2 35756   0.0460 323.7749 0004305   0.2802 296.4586  1.00272313 38311
PALAPA D                
1 35812U 09046A   20033.31960336 -.00000350  00000-0  00000-0 0  9996
2 35812   0.0471  99.8957 0002496 237.4998  22.5759  1.00272069 38348
NIMIQ 5                 
1 35873U 09050A   20034.23594611 -.00000248  00000-0  00000-0 0  9995
2 35873   0.0150  79.1568 0002845 246.4072 179.5602  1.00269488 38036
AMAZONAS 2              
1 35942U 09054A   20033.51221377 -.00000273  00000-0  00000-0 0  9990
2 35942   0.0301 132.0594 0000961 149.2767 334.2152  1.00270760 37851
COMSATBW-1              
1 35943U 09054B   20034.47007582  .00000034  00000-0  00000+0 0  9990
2 35943   0.0443 110.1999 0002640 215.7528  39.3390  1.00272151 37948
NSS-12                  
1 36032U 09058A   20035.07675868  .00000080  00000-0  00000+0 0  9990
2 36032   0.0552 281.4898 0003042  35.8881 260.9471  1.00271202 37600
THOR 6                  
1 36033U 09058B   20034.38563139 -.00000001  00000-0  00000+0 0  9995
2 36033   0.0345 257.7657 0001951  46.2451 326.9626  1.00272361 37642
INTELSAT 14 (IS-14)     
1 36097U 09064A   20034.80750466 -.00000265  00000-0  00000+0 0  9992
2 36097   0.0167 108.8172 0002585 204.9556  65.3736  1.00272089 37389
EUTELSAT 36B            
1 36101U 09065A   20034.97046046  .00000164  00000-0  00000+0 0  9996
2 36101   0.0680  31.7202 0004818 282.4436 204.6875  1.00274090 37490
INTELSAT 15 (IS-15)     
1 36106U 09067A   20034.77827281 -.00000177  00000-0  00000-0 0  9995
2 36106   0.0176  72.6487 0002337 248.6749 177.3979  1.00272330 17998
WGS F3 (USA 211)        
1 36108U 09068A   20034.20790153 -.00000087  00000-0  00000-0 0  9993
2 36108   0.0157  92.8399 0001323 222.3485 240.4936  1.00272578 23294
DIRECTV 12              
1 36131U 09075A   20034.43701337 -.00000094  00000-0  00000+0 0  9995
2 36131   0.0437 253.6637 0000227 108.7754 185.1366  1.00271065 37063
BEIDOU 3                
1 36287U 10001A   20034.84440549 -.00000276  00000-0  00000+0 0  9990
2 36287   1.3766  15.7766 0002006 140.4238  61.2222  1.00268001 36869
RADUGA-1M 2             
1 36358U 10002A   20035.04873258 -.00000175  00000-0  00000+0 0  9998
2 36358   0.0412 245.1025 0002569  95.3141 255.7890  1.00272423 36699
SDO                     
1 36395U 10005A   20031.27848705 -.00000070  00000-0  00000+0 0  9996
2 36395  30.0923 123.6570 0000326  10.8737 353.5008  1.00269314 36689
INTELSAT 16 (IS-16)     
1 36397U 10006A   20035.08842494 -.00000236  00000-0  00000+0 0  9995
2 36397   0.0179  84.3614 0002269 226.5609 138.4126  1.00271689 36426
GOES 15                 
1 36411U 10008A   20034.93443302  .00000062  00000-0  00000+0 0  9998
2 36411   0.0560 260.7344 0000836 229.2689 211.7919  1.00279723 36357
ECHOSTAR 14             
1 36499U 10010A   20035.07987582  .00000008  00000-0  00000+0 0  9996
2 36499   0.0178  89.2304 0002874 225.1859  89.1564  1.00271316 36225
SES-1                   
1 36516U 10016A   20035.05232116 -.00000106  00000-0  00000+0 0  9996
2 36516   0.0357 281.6559 0002727  23.9305 105.9187  1.00271815 35828
ASTRA 3B                
1 36581U 10021A   20035.04285308  .00000145  00000-0  00000+0 0  9996
2 36581   0.0271  35.0750 0003007 271.6152 225.8898  1.00268494 35339
COMSATBW-2              
1 36582U 10021B   20035.03730177  .00000096  00000-0  00000+0 0  9990
2 36582   0.0097  75.7043 0001892 232.4748 212.0848  1.00269401 35677
BADR-5                  
1 36592U 10025A   20034.82163689  .00000153  00000-0  00000+0 0  9993
2 36592   0.0550 108.6489 0000740 168.9261 177.6270  1.00270741 35580
COMS 1                  
1 36744U 10032A   20034.98557372 -.00000336  00000-0  00000+0 0  9997
2 36744   0.0251 134.6428 0001145 169.7545 312.1581  1.00271968 35339
ARABSAT-5A              
1 36745U 10032B   20035.15188152  .00000162  00000-0  00000+0 0  9990
2 36745   0.0541  27.8366 0001488 311.4754 239.6064  1.00276130 35317
ECHOSTAR 15             
1 36792U 10034A   20034.46636394 -.00000273  00000-0  00000+0 0  9997
2 36792   0.0513 266.4555 0002044  49.7026 283.1514  1.00269176 35070
BEIDOU 5                
1 36828U 10036A   20034.81368759 -.00000090  00000-0  10000-3 0  9997
2 36828  54.1571 184.2387 0086274 231.8297 125.0322  1.00246935 34893
NILESAT 201             
1 36830U 10037A   20035.07540420 -.00000049  00000-0  00000+0 0  9996
2 36830   0.0558 223.6731 0004262 111.3386 178.8063  1.00273380 34971
RASCOM-QAF 1R           
1 36831U 10037B   20035.07565576  .00000027  00000-0  00000+0 0  9991
2 36831   0.0316 102.8650 0005935 209.9208 211.0206  1.00272433 34974
AEHF-1 (USA 214)        
1 36868U 10039A   20034.96079868  .00000033  00000-0  00000+0 0  9991
2 36868   2.4282 100.2443 0002825 237.7730 145.4121  1.00272374 35126
CHINASAT 6A (ZX 6A)     
1 37150U 10042A   20034.84143946 -.00000345  00000-0  00000-0 0  9994
2 37150   0.0379 126.4552 0001359  91.0636 343.9305  1.00273183 34587
QZS-1 (MICHIBIKI-1)     
1 37158U 10045A   20034.62921137 -.00000168  00000-0  00000+0 0  9999
2 37158  41.5135 145.5101 0759345 270.5718  80.5389  1.00253456 34393
XM-5                    
1 37185U 10053A   20034.40396674 -.00000196  00000-0  00000+0 0  9997
2 37185   0.0135  72.6643 0001656 337.5230 143.0592  1.00271758 34129
BSAT-3B                 
1 37207U 10056B   20034.76659097 -.00000342  00000-0  00000-0 0  9999
2 37207   0.0646 304.6608 0004677  17.2865 197.2606  1.00271571 28877
BEIDOU 6                
1 37210U 10057A   20035.11113019 -.00000104  00000-0  00000+0 0  9998
2 37210   0.9225  52.4628 0005421 172.3960 108.8708  1.00271987 33968
SKYTERRA 1              
1 37218U 10061A   20035.05232116 -.00000106  00000-0  00000+0 0  9996
2 37218   2.2221 354.2577 0001977 344.0986  72.8767  1.00272103 33912
ZHONGXING-20A           
1 37234U 10064A   20034.98522478 -.00000342  00000-0  00000+0 0  9993
2 37234   0.5451  99.4663 0003520 234.2235 281.0375  1.00268481 33714
HYLAS 1                 
1 37237U 10065A   20035.01368862 -.00000225  00000-0  00000+0 0  9997
2 37237   0.0579 283.7088 0002281  19.6870 116.1670  1.00273337 33694
INTELSAT 17 (IS-17)     
1 37238U 10065B   20035.02342949  .00000007  00000-0  00000+0 0  9994
2 37238   0.0324 239.5933 0002327  88.4234 240.0491  1.00271622 33604
BEIDOU 7                
1 37256U 10068A   20034.86845241 -.00000202  00000-0  10000-3 0  9994
2 37256  51.7020 299.9410 0072638 210.1851  51.8172  1.00303223 33484
EUTELSAT KA-SAT 9A      
1 37258U 10069A   20034.81823469  .00000070  00000-0  00000+0 0  9997
2 37258   0.0135  26.8740 0000994 338.1652  71.9087  1.00270789 33500
HISPASAT 30W-5          
1 37264U 10070A   20034.16440087 -.00000207  00000-0  00000-0 0  9999
2 37264   0.0131 128.2069 0002343 207.2462 186.5414  1.00270963 29864
KOREASAT 6              
1 37265U 10070B   20034.98321834 -.00000353  00000-0  00000+0 0  9999
2 37265   0.0275 218.7180 0001804 119.8810 264.9860  1.00271274 33361
BEIDOU 8                
1 37384U 11013A   20033.97850097 -.00000171  00000-0  10000-3 0  9998
2 37384  59.0980  62.9750 0048161 206.3033 333.0377  1.00297352 32352
INTELSAT NEW DAWN       
1 37392U 11016A   20034.43313115  .00000164  00000-0  00000+0 0  9993
2 37392   0.0204 158.0672 0001382   2.6400 161.0849  1.00262631 32192
YAHSAT 1A               
1 37393U 11016B   20035.19771637  .00000109  00000-0  00000+0 0  9994
2 37393   0.0156  88.3318 0002579 210.0764 319.0944  1.00269703 32242
SBIRS GEO-1 (USA 230)   
1 37481U 11019A   20034.82966259  .00000004  00000-0  00000+0 0  9994
2 37481   2.2100 338.3176 0001655 343.0656 176.9338  1.00272223 32028
TELSTAR 14R             
1 37602U 11021A   20034.11321056 -.00000271  00000-0  00000-0 0  9992
2 37602   0.0434 291.4199 0002073 100.2894  78.7677  1.00271330 32501
GSAT-8                  
1 37605U 11022A   20035.07870313  .00000093  00000-0  00000+0 0  9997
2 37605   0.0135 104.7130 0008091 177.6246 294.7701  1.00271306 31924
ST-2                    
1 37606U 11022B   20035.04934323 -.00000203  00000-0  00000+0 0  9991
2 37606   0.0178 103.5399 0001498 228.0548 267.8290  1.00273114 31930
CHINASAT 10 (ZX 10)     
1 37677U 11026A   20034.35466208 -.00000344  00000-0  00000-0 0  9995
2 37677   0.0790 267.3878 0002607 300.9612 162.8367  1.00273284 31649
TIANLIAN 1-02           
1 37737U 11032A   20034.85059924 -.00000011  00000-0  00000-0 0  9998
2 37737   2.8110  74.1970 0011237 127.2057  49.2152  1.00272361 31400
GSAT-12                 
1 37746U 11034A   20035.07840132 -.00000156  00000-0  00000+0 0  9993
2 37746   0.0212  99.1467 0007528 349.4739 156.3204  1.00270621 31645
SES-3                   
1 37748U 11035A   20034.10228623 -.00000092  00000-0  00000-0 0  9994
2 37748   0.0104  22.6190 0002387 288.5336 115.3916  1.00271201 31285
KAZSAT-2                
1 37749U 11035B   20035.08096144 -.00000189  00000-0  00000+0 0  9990
2 37749   0.0421 240.1162 0000572 119.4483 249.7678  1.00270522 31252
BEIDOU 9                
1 37763U 11038A   20035.08817022 -.00000035  00000-0  10000-3 0  9990
2 37763  54.4295 186.6531 0066965 224.0018 210.7609  1.00277998 31334
ASTRA 1N                
1 37775U 11041A   20035.07606738  .00000128  00000-0  00000+0 0  9993
2 37775   0.0373  25.7181 0004176 329.0783 185.4674  1.00270701 31083
BSAT-3C (JCSAT-110R)    
1 37776U 11041B   20034.76659097 -.00000342  00000-0  00000-0 0  9995
2 37776   0.0461 272.1499 0000530 101.3821 145.7848  1.00270187 27171
PAKSAT-1R               
1 37779U 11042A   20034.96734139  .00000162  00000-0  00000+0 0  9990
2 37779   0.0366 228.8862 0003180  87.6286 203.3039  1.00269418 30964
CHINASAT 1A (ZX 1A)     
1 37804U 11047A   20034.09686922 -.00000329  00000-0  00000-0 0  9991
2 37804   0.0335 141.9128 0002958 212.1504 303.3222  1.00272368 30759
COSMOS 2473             
1 37806U 11048A   20034.74199044 -.00000099  00000-0  00000-0 0  9994
2 37806   0.0637 108.8533 0002007 217.7728  60.3518  1.00272325 30753
SES-2                   
1 37809U 11049A   20035.01924291 -.00000188  00000-0  00000+0 0  9997
2 37809   0.0538 277.9173 0002653  26.1855 109.4731  1.00272256 30692
ARABSAT-5C              
1 37810U 11049B   20035.03730177  .00000131  00000-0  00000+0 0  9996
2 37810   0.0692  42.9977 0002412 263.6718 220.4194  1.00269545 30599
EUTELSAT 7 WEST A       
1 37816U 11051A   20035.07539657 -.00000052  00000-0  00000+0 0  9992
2 37816   0.0600   9.0282 0004487 210.3615 294.1594  1.00271618 30659
QUETZSAT 1              
1 37826U 11054A   20035.01368862 -.00000233  00000-0  00000+0 0  9999
2 37826   0.0255 338.8721 0002857 337.0373 105.6500  1.00272393 30782
INTELSAT 18 (IS-18)     
1 37834U 11056A   20034.85234396  .00000061  00000-0  00000+0 0  9993
2 37834   0.0134  80.8475 0002552 249.1826 290.2892  1.00270825 30531
EUTELSAT 16A            
1 37836U 11057A   20035.03730177  .00000112  00000-0  00000+0 0  9992
2 37836   0.0649  13.4598 0004483 301.8522 207.7481  1.00270966 30472
VIASAT-1                
1 37843U 11059A   20035.08057372 -.00000015  00000-0  00000+0 0  9999
2 37843   0.0188  88.5098 0002643 222.0895  97.0030  1.00272340 30961
ASIASAT 7               
1 37933U 11069A   20035.05283267 -.00000326  00000-0  00000+0 0  9996
2 37933   0.0610 269.6841 0001908  32.0468 316.4535  1.00273422 30147
BEIDOU 10               
1 37948U 11073A   20034.22247906 -.00000144  00000-0  10000-3 0  9998
2 37948  51.7945 299.5171 0063578 213.3991 155.0798  1.00285572 30081
LUCH 5A                 
1 37951U 11074B   20035.06630037 -.00000041  00000-0  00000+0 0  9998
2 37951   2.9653 119.4609 0002176 216.4747 348.4446  1.00271890 29876
NIGCOMSAT 1R            
1 38014U 11077A   20035.14077260  .00000153  00000-0  00000+0 0  9997
2 38014   0.0064 114.9549 0003954 274.9904 196.9703  1.00272714 29715
FENGYUN 2F              
1 38049U 12002A   20034.83882237 -.00000350  00000-0  00000-0 0  9998
2 38049   1.7556  83.4642 0002747  16.8075  87.3324  1.00274458 29575
WGS F4 (USA 233)        
1 38070U 12003A   20034.83411163 -.00000206  00000-0  00000+0 0  9998
2 38070   0.0146  85.8393 0000280 209.6232 226.6438  1.00270883 29406
SES-4                   
1 38087U 12007A   20035.07501543 -.00000160  00000-0  00000+0 0  9998
2 38087   0.0134  32.9112 0001929 292.9652 172.8043  1.00270576 29172
BEIDOU 11               
1 38091U 12008A   20034.75638436  .00000064  00000-0  00000-0 0  9993
2 38091   1.8723  69.4246 0008269 280.2192 114.7529  1.00270279 29169
MUOS-1                  
1 38093U 12009A   20034.94010337 -.00000118  00000-0  00000+0 0  9991
2 38093   2.5520   2.8933 0058309   4.8329   4.2707  1.00271631 29142
INTELSAT 22 (IS-22)     
1 38098U 12011A   20035.01299372 -.00000050  00000-0  00000+0 0  9991
2 38098   0.0063  22.6844 0002569 308.4664 239.2498  1.00271262 28736
APSTAR 7                
1 38107U 12013A   20035.11887031 -.00000093  00000-0  00000+0 0  9997
2 38107   0.0134 106.4528 0002514 216.9092 289.6766  1.00272331 28852
YAHSAT 1B               
1 38245U 12016A   20034.77966101  .00000135  00000-0  00000+0 0  9996
2 38245   0.0248  95.6597 0003006 220.1146 145.9050  1.00270181 28604
AEHF-2 (USA 235)        
1 38254U 12019A   20034.51587472 -.00000267  00000-0  00000+0 0  9998
2 38254   1.8242  41.3861 0002924 305.8857 264.0753  1.00273569 28355
JCSAT-13                
1 38331U 12023A   20034.98478860 -.00000348  00000-0  00000+0 0  9990
2 38331   0.0121 120.3879 0002125 225.6554 266.0830  1.00273482 28252
VINASAT-2               
1 38332U 12023B   20034.76229758 -.00000321  00000-0  00000-0 0  9999
2 38332   0.0474 277.2164 0002331  45.1633 217.2700  1.00271706 23352
NIMIQ 6                 
1 38342U 12026A   20035.05262145 -.00000165  00000-0  00000+0 0  9998
2 38342   0.0159  51.6265 0002412 245.7382 124.1324  1.00272919 28280
CHINASAT 2A (ZX 2A)     
1 38352U 12028A   20034.77234903 -.00000285  00000-0  00000-0 0  9994
2 38352   0.0271 159.9124 0001582 206.8133 142.9509  1.00273626 28066
INTELSAT 19 (IS-19)     
1 38356U 12030A   20034.23989633 -.00000048  00000-0  00000-0 0  9996
2 38356   0.0189  87.5028 0003134 232.6517  65.0738  1.00272374 27130
ECHOSTAR 17             
1 38551U 12035A   20035.05342042 -.00000067  00000-0  00000+0 0  9996
2 38551   0.0182  94.2723 0001942 215.6309  95.8925  1.00271729 27819
METEOSAT-10 (MSG-3)     
1 38552U 12035B   20034.96193275  .00000073  00000-0  00000+0 0  9994
2 38552   1.0106 358.8501 0000733 281.2352 209.3012  1.00272080 27904
SES-5                   
1 38652U 12036A   20034.20655810  .00000043  00000-0  00000+0 0  9998
2 38652   0.0467  99.3700 0002372 203.0679 269.7383  1.00275221 27740
TIANLIAN 1-03           
1 38730U 12040A   20035.10770410  .00000134  00000-0  00000+0 0  9995
2 38730   0.1075 256.3597 0005731  89.4770 207.0585  1.00275377 27675
INTELSAT 20 (IS-20)     
1 38740U 12043A   20034.61480035 -.00000015  00000-0  00000-0 0  9995
2 38740   0.0181 108.0896 0002600  73.0486 241.9123  1.00269362 27428
HYLAS 2                 
1 38741U 12043B   20035.15188152  .00000162  00000-0  00000+0 0  9992
2 38741   0.0446 269.8747 0001946  44.5938 264.9944  1.00273388 27532
INTELSAT 21 (IS-21)     
1 38749U 12045A   20034.73300513 -.00000276  00000-0  00000+0 0  9999
2 38749   0.0163 103.8964 0000931  52.9757 182.3731  1.00271015 27328
ASTRA 2F                
1 38778U 12051A   20035.04285308  .00000158  00000-0  00000+0 0  9995
2 38778   0.1000 251.1802 0003733   7.2108 278.8983  1.00269511 26973
GSAT-10                 
1 38779U 12051B   20035.07840132 -.00000156  00000-0  00000+0 0  9990
2 38779   0.0553 113.2440 0000998 210.1956 281.4660  1.00270430 26972
INTELSAT 23 (IS-23)     
1 38867U 12057A   20035.04980043 -.00000276  00000-0  00000+0 0  9990
2 38867   0.0158  87.0093 0001973 225.1910 146.3940  1.00271256 26790
BEIDOU 16               
1 38953U 12059A   20034.88248566 -.00000168  00000-0  00000-0 0  9997
2 38953   1.6191  83.7763 0006020 223.3523 228.0641  1.00270201 26734
LUCH 5B                 
1 38977U 12061A   20035.07516024 -.00000128  00000-0  00000+0 0  9990
2 38977   5.4720  68.5159 0003211 241.9661 194.0010  1.00271986 26865
YAMAL 300K              
1 38978U 12061B   20034.78115940  .00000079  00000-0  00000-0 0  9995
2 38978   0.0171 126.8298 0001499 110.2764   0.4690  1.00270774 26326
STAR ONE C3             
1 38991U 12062A   20034.29900601 -.00000240  00000-0  00000+0 0  9993
2 38991   0.0306 265.2706 0002186  53.6174 206.6886  1.00271360 26534
EUTELSAT 21B            
1 38992U 12062B   20035.15188152  .00000138  00000-0  00000+0 0  9994
2 38992   0.0650  13.6134 0002198 300.9378 255.4494  1.00270985 26555
ECHOSTAR 16             
1 39008U 12065A   20034.46636394 -.00000273  00000-0  00000+0 0  9996
2 39008   0.0168  93.8677 0001902 216.2739 289.3385  1.00272072 26488
CHINASAT 12 (ZX 12)     
1 39017U 12067A   20034.77827281 -.00000199  00000-0  00000-0 0  9997
2 39017   0.0123 102.9854 0002497 211.5069 186.5892  1.00272873 26190
EUTELSAT 70B            
1 39020U 12069A   20034.15257669 -.00000034  00000-0  00000-0 0  9990
2 39020   0.0616   8.3802 0003057 237.7479  12.0728  1.00270790 26187
YAMAL 402               
1 39022U 12070A   20035.07870313  .00000094  00000-0  00000+0 0  9997
2 39022   0.0254 107.7858 0002664 212.4626 256.6721  1.00271890 26281
SKYNET 5D               
1 39034U 12075A   20035.00604976  .00000108  00000-0  00000+0 0  9994
2 39034   0.0784   7.1068 0004107 297.3960 244.0350  1.00270383 26202
MEXSAT 3                
1 39035U 12075B   20034.93713734 -.00000017  00000-0  00000+0 0  9999
2 39035   0.0178  95.0390 0001828 201.4857  59.5977  1.00271280 26168
TDRS 11                 
1 39070U 13004A   20034.75033788  .00000093  00000-0  00000+0 0  9998
2 39070   4.0279 331.1549 0004193 354.8112 263.1283  1.00268779 25664
AMAZONAS 3              
1 39078U 13006A   20034.30179756 -.00000273  00000-0  00000-0 0  9997
2 39078   0.0532 254.1399 0003268  29.0648 257.3904  1.00273004 21561
AZERSPACE 1             
1 39079U 13006B   20035.00674420  .00000142  00000-0  00000+0 0  9997
2 39079   0.0343 266.3580 0001926  70.0412 205.6318  1.00270670 25614
SBIRS GEO-2 (USA 241)   
1 39120U 13011A   20035.03730177  .00000133  00000-0  00000+0 0  9995
2 39120   2.2810 338.3873 0002212 332.5652 216.7217  1.00272504 25271
EUTELSAT 117 WEST A     
1 39122U 13012A   20035.08031200 -.00000004  00000-0  00000+0 0  9992
2 39122   0.0419 278.6608 0002948  36.4940  90.6412  1.00271612 25154
ANIK G1                 
1 39127U 13014A   20035.05342042 -.00000066  00000-0  00000+0 0  9993
2 39127   0.0437 267.4087 0003090  32.0674 106.1178  1.00272028 24930
CHINASAT 11 (ZX 11)     
1 39157U 13020A   20035.05134965 -.00000282  00000-0  00000+0 0  9996
2 39157   0.0153  89.6252 0003122 222.9802 297.5407  1.00269528 24835
EUTELSAT 7B             
1 39163U 13022A   20034.96140934  .00000056  00000-0  00000+0 0  9995
2 39163   0.0613 328.3620 0005583   9.4297 148.8802  1.00271696 24650
WGS F5 (USA 243)        
1 39168U 13024A   20035.04980043 -.00000276  00000-0  00000+0 0  9990
2 39168   0.0119 102.1966 0000386 205.2344 151.6606  1.00272178 24517
SES-6                   
1 39172U 13026A   20035.00948950 -.00000253  00000-0  00000+0 0  9999
2 39172   0.0567 284.5492 0002325  19.6966 152.3038  1.00270698 24400
IRNSS-1A                
1 39199U 13034A   20034.75559925  .00000077  00000-0  00000+0 0  9991
2 39199  30.5838  98.9427 0020432 191.5519 169.9144  1.00275261 24331
MUOS-2                  
1 39206U 13036A   20035.06836069  .00000077  00000-0  00000+0 0  9994
2 39206   2.7012 352.6108 0052754 181.9921 166.6292  1.00272316 23990
ALPHASAT                
1 39215U 13038A   20035.04285308  .00000144  00000-0  00000+0 0  9993
2 39215   2.3804  21.5110 0002340 290.3874 222.0430  1.00271119 23955
INSAT-3D                
1 39216U 13038B   20035.04820917 -.00000148  00000-0  00000+0 0  9990
2 39216   0.0236 293.0917 0001069  36.9246 263.0860  1.00272014 23985
WGS F6 (USA 244)        
1 39222U 13041A   20035.04844030  .00000097  00000-0  00000+0 0  9995
2 39222   0.0145  88.4222 0000319 170.8391 116.6575  1.00272684 23756
EUTELSAT 25B            
1 39233U 13044A   20034.74975443  .00000152  00000-0  00000-0 0  9992
2 39233   0.0518 350.4298 0002126 324.7572 113.5925  1.00276417 23322
GSAT-7                  
1 39234U 13044B   20034.41646560 -.00000068  00000-0  00000+0 0  9998
2 39234   0.0183  98.8153 0008299 193.2427  64.9047  1.00272181 23585
AMOS-4                  
1 39237U 13045A   20034.47051200  .00000016  00000-0  00000+0 0  9991
2 39237   0.0242  98.8507 0001775 249.1374  19.4925  1.00273003 23574
AEHF-3 (USA 246)        
1 39256U 13050A   20034.57410464 -.00000345  00000-0  00000-0 0  9997
2 39256   0.7526 333.2434 0007664 336.2503 141.3510  1.00265780 22350
ASTRA 2E                
1 39285U 13056A   20035.04285308  .00000159  00000-0  00000+0 0  9996
2 39285   0.0622  42.9943 0002544 280.6173 213.9502  1.00273366 23276
SIRIUS FM-6             
1 39360U 13058A   20035.08048647 -.00000009  00000-0  00000+0 0  9994
2 39360   0.0187  73.9702 0000789  68.0989 264.4344  1.00271650 23038
RADUGA-1M 3             
1 39375U 13062A   20035.11067013  .00000164  00000-0  10000-3 0  9993
2 39375   0.1149 103.6446 0004265 218.3483 246.8922  1.00269602 22816
SES-8                   
1 39460U 13071A   20035.05073900 -.00000261  00000-0  00000+0 0  9997
2 39460   0.0634 263.0032 0001398  77.5913 266.3484  1.00274235 22557
INMARSAT 5-F1           
1 39476U 13073A   20034.98973059  .00000037  00000-0  00000+0 0  9991
2 39476   0.0186  87.8227 0000336 213.2723 251.4240  1.00270607 22614
TKSAT-1 (TUPAC KATARI)  
1 39481U 13075A   20035.01924291 -.00000186  00000-0  00000+0 0  9994
2 39481   0.0557 275.7079 0003175  50.0607  87.6052  1.00272076 22530
EXPRESS-AM5             
1 39487U 13077A   20035.12930841 -.00000272  00000-0  00000+0 0  9998
2 39487   0.0495 259.5188 0001094  60.3480   0.4573  1.00272047 23034
GSAT-14                 
1 39498U 14001A   20035.01299372 -.00000069  00000-0  00000+0 0  9997
2 39498   0.0545 270.0802 0004095  26.8641 275.3611  1.00271971 22268
THAICOM 6               
1 39500U 14002A   20035.02117484 -.00000112  00000-0  00000+0 0  9995
2 39500   0.0756 117.7483 0000237 187.2457 274.6963  1.00273241 22207
TDRS 12                 
1 39504U 14004A   20035.00948182 -.00000255  00000-0  00000+0 0  9994
2 39504   4.8220 337.6216 0001455 269.1107 209.3797  1.00275751 22131
ABS-2                   
1 39508U 14006A   20034.75604806 -.00000078  00000-0  00000-0 0  9997
2 39508   0.0349 271.9216 0003999  71.6628 136.8886  1.00271780 21976
ATHENA-FIDUS            
1 39509U 14006B   20035.14632972  .00000162  00000-0  00000+0 0  9999
2 39509   0.0233  95.4697 0001515 221.8632 266.9152  1.00272527 22182
TURKSAT 4A              
1 39522U 14007A   20034.18730191  .00000155  00000-0  00000+0 0  9992
2 39522   0.0542 269.4245 0004468  25.3788 307.4188  1.00273055 21884
EXPRESS-AT1             
1 39612U 14010A   20035.07675868  .00000087  00000-0  00000+0 0  9998
2 39612   0.0486 259.1980 0000382  37.6572 280.4694  1.00273345 21739
EXPRESS-AT2             
1 39613U 14010B   20035.13454568 -.00000273  00000-0  00000+0 0  9996
2 39613   0.0419 259.1645 0000050 353.0334  69.8351  1.00272004 21568
AMAZONAS 4A             
1 39616U 14011A   20035.00813139 -.00000244  00000-0  00000+0 0  9997
2 39616   0.0796  78.1193 0002848 236.7454 107.7294  1.00271607 21558
ASTRA 5B                
1 39617U 14011B   20035.04285308  .00000163  00000-0  00000+0 0  9992
2 39617   0.0298 348.6918 0003871 326.9073 224.9735  1.00273867 21554
IRNSS-1B                
1 39635U 14017A   20034.75568649  .00000118  00000-0  00000+0 0  9997
2 39635  28.8479 279.4115 0018044 181.3989 359.6807  1.00273484 21483
LUCH 5V                 
1 39727U 14023A   20034.83533294 -.00000258  00000-0  00000-0 0  9990
2 39727   0.7557 315.6753 0002899  43.2921 169.8721  1.00268121539207
KAZSAT-3                
1 39728U 14023B   20035.08005872  .00000069  00000-0  00000+0 0  9993
2 39728   0.0231 168.1769 0000131 263.7469 149.0855  1.00271539 21123
EUTELSAT 3B             
1 39773U 14030A   20034.96053698  .00000028  00000-0  00000+0 0  9991
2 39773   0.0693  42.4098 0003055 192.5730 247.4752  1.00271608 20903
USA 253                 
1 40099U 14043A   20022.01527778 -.00000131  00000-0  00000+0 0  9992
2 40099   0.1488  89.3604 0002955 280.8669 194.6941  1.00277670  4610
USA 254                 
1 40100U 14043B   20029.20280313 -.00000169  00000-0  00000+0 0  9995
2 40100   0.2372  99.0518 0001726 335.7574  39.1213  1.00068806  4386
ASIASAT 8               
1 40107U 14046A   20034.14756258 -.00000025  00000-0  00000+0 0  9991
2 40107   0.0452 267.1926 0001777  30.4780 244.3424  1.00272369 20175
ASIASAT 6               
1 40141U 14052A   20034.84039264 -.00000353  00000-0  00000+0 0  9998
2 40141   0.0415 268.4617 0000829  22.6571 264.7891  1.00272268 19845
OPTUS 10                
1 40146U 14054A   20034.84754598 -.00000139  00000-0  00000+0 0  9991
2 40146   0.0361 187.0126 0002571 108.8745 298.6892  1.00271928 19802
MEASAT-3B               
1 40147U 14054B   20034.76292706 -.00000233  00000-0  00000-0 0  9997
2 40147   0.0386 328.1205 0002527   6.6892 164.7155  1.00272305 19596
LUCH (OLYMP)            
1 40258U 14058A   20034.00813023 -.00000035  00000-0  00000-0 0  9992
2 40258   0.0272 115.5996 0002021 164.3304 286.2244  1.00271642 17665
HIMAWARI-8              
1 40267U 14060A   20034.91628795 -.00000267  00000-0  00000+0 0  9991
2 40267   0.0351 202.7156 0001044  98.1119 303.2352  1.00272781 19546
IRNSS-1C                
1 40269U 14061A   20035.07409808 -.00000153  00000-0  00000+0 0  9998
2 40269   1.8634 188.4438 0018446  12.8381  42.0750  1.00273427 19517
INTELSAT 30 (IS-30)     
1 40271U 14062A   20034.94106296 -.00000142  00000-0  00000+0 0  9990
2 40271   0.0174  86.7903 0001718  34.9765 255.5182  1.00270882 19457
ARSAT 1                 
1 40272U 14062B   20035.00813139 -.00000251  00000-0  00000+0 0  9991
2 40272   0.0522 257.5753 0001531  36.7030 130.4651  1.00271696 19573
EXPRESS-AM6             
1 40277U 14064A   20035.19771637  .00000107  00000-0  00000+0 0  9993
2 40277   0.0434 254.0200 0000430 143.3912 220.5511  1.00270730 19350
GSAT-16                 
1 40332U 14078A   20035.07870313  .00000093  00000-0  00000+0 0  9992
2 40332   0.0579 273.5570 0002986 177.0463 126.4435  1.00272117 18945
DIRECTV 14              
1 40333U 14078B   20034.94027784 -.00000117  00000-0  00000+0 0  9992
2 40333   0.0154  93.1582 0001107 274.5137   5.1441  1.00271580 18931
YAMAL 401               
1 40345U 14082A   20034.76266536 -.00000220  00000-0  00000-0 0  9996
2 40345   0.0150  87.2197 0000240 158.4598 252.1993  1.00272585 18600
ASTRA 2G                
1 40364U 14089A   20034.82207307  .00000158  00000-0  00000+0 0  9990
2 40364   0.0250   4.7641 0003236  10.7254  82.0811  1.00273141 18706
FENGYUN 2G              
1 40367U 14090A   20035.05161137 -.00000294  00000-0  00000+0 0  9993
2 40367   1.7654  96.6257 0002872 324.8142 189.9906  1.00282443 18727
MUOS-3                  
1 40374U 15002A   20035.02480056 -.00000116  00000-0  00000+0 0  9999
2 40374   2.9524 343.8315 0051853 181.5843 321.6913  1.00271045 18500
INMARSAT 5-F2           
1 40384U 15005A   20034.44660934 -.00000277  00000-0  00000+0 0  9991
2 40384   0.0181  87.2178 0000092 205.1167 306.5175  1.00272802 18353
ABS-3A                  
1 40424U 15010A   20035.01924344 -.00000019  00000-0  00000+0 0  9998
2 40424   0.0219  87.1209 0001213 135.8359 274.6005  1.00271007 18085
EUTELSAT 115 WEST B     
1 40425U 15010B   20034.93713734 -.00000016  00000-0  00000+0 0  9995
2 40425   0.0256 114.7360 0000821 302.8748 298.4154  1.00269822 18119
EXPRESS-AM7             
1 40505U 15012A   20035.21529391  .00000159  00000-0  00000+0 0  9999
2 40505   0.0184  80.8950 0002852 231.7105 298.7121  1.00271010 18040
IRNSS-1D                
1 40547U 15018A   20034.74778031 -.00000265  00000-0  00000+0 0  9994
2 40547  28.7480 279.4996 0017954 179.5399  55.3155  1.00276846 17923
BEIDOU 17               
1 40549U 15019A   20035.00292505 -.00000174  00000-0  00000+0 0  9993
2 40549  53.2506 322.7505 0034615 194.0497  72.9426  1.00260599 17765
THOR 7                  
1 40613U 15022A   20035.10351677 -.00000000  00000-0  00000+0 0  9994
2 40613   0.0443 255.8032 0002617  51.6175 222.9058  1.00272665 17503
TURKMENALEM52E/MONACOSAT
1 40617U 15023A   20035.00674420  .00000112  00000-0  00000+0 0  9995
2 40617   0.0150  87.6021 0002353 219.2718 241.1833  1.00270930 17511
DIRECTV 15              
1 40663U 15026A   20034.93957994 -.00000094  00000-0  00000+0 0  9990
2 40663   0.0174  96.4278 0000366 284.6397 347.9017  1.00269636 17229
SKY MEXICO-1            
1 40664U 15026B   20035.08790153 -.00000226  00000-0  00000+0 0  9997
2 40664   0.0167 316.3947 0002158   3.4605 126.7210  1.00270359 17221
METEOSAT-11 (MSG-4)     
1 40732U 15034A   20034.96027528  .00000016  00000-0  00000+0 0  9993
2 40732   0.5923 234.1566 0000829 151.1753  94.9185  1.00283240 16728
STAR ONE C4             
1 40733U 15034B   20034.44355608 -.00000256  00000-0  00000+0 0  9997
2 40733   0.0317 335.6260 0003193   5.8046 241.3146  1.00270630 16696
WGS F7 (USA 263)        
1 40746U 15036A   20034.85138436  .00000026  00000-0  00000+0 0  9990
2 40746   0.0141  75.9476 0000171 212.8658 326.1607  1.00272673 16558
INTELSAT 34 (IS-34)     
1 40874U 15039A   20035.09252503 -.00000277  00000-0  00000+0 0  9993
2 40874   0.0178  94.0980 0000768 148.0837 229.3492  1.00271920 16351
EUTELSAT 8 WEST B       
1 40875U 15039B   20035.07538132 -.00000058  00000-0  00000+0 0  9994
2 40875   0.0670  28.9198 0001699 295.4556 188.4434  1.00271317 16378
GSAT-6                  
1 40880U 15041A   20034.97641394 -.00000147  00000-0  00000+0 0  9995
2 40880   0.0644 271.1234 0007636   8.0389 288.0452  1.00270947 16316
INMARSAT 5-F3           
1 40882U 15042A   20034.67463738  .00000058  00000-0  00000+0 0  9999
2 40882   0.0175  91.0347 0000127 107.0399 357.6790  1.00270777 16230
MUOS-4                  
1 40887U 15044A   20035.08308434 -.00000079  00000-0  00000+0 0  9997
2 40887   3.1060 340.7267 0058113 359.2336 258.6833  1.00272070 16255
TJS-1                   
1 40892U 15046A   20035.31921456 -.00000148  00000-0  10000-3 0  9998
2 40892   0.0535 118.1921 0006736 248.6422  37.0211  1.00273733 16244
EXPRESS-AM8             
1 40895U 15048A   20035.17265044 -.00000103  00000-0  00000+0 0  9997
2 40895   0.0438 258.1802 0000321 108.2812 175.4789  1.00271838 16061
BEIDOU 20               
1 40938U 15053A   20035.00218368 -.00000098  00000-0  00000+0 0  9993
2 40938  52.8195 285.7620 0047617 183.2238 119.7112  1.00258534 16049
SKY MUSTER (NBN1A)      
1 40940U 15054A   20034.84440549 -.00000270  00000-0  00000+0 0  9998
2 40940   0.0056  48.2467 0001934 258.7931 270.6522  1.00272226 15948
ARSAT 2                 
1 40941U 15054B   20034.25444581 -.00000216  00000-0  00000-0 0  9995
2 40941   0.0492 258.0149 0001786  44.4912 200.9732  1.00272040 16006
MORELOS 3               
1 40946U 15056A   20034.09233538 -.00000028  00000-0  00000-0 0  9993
2 40946   5.0314 328.2969 0003297   2.5223  82.0295  1.00272017 15969
APSTAR 9                
1 40982U 15059A   20034.46021605 -.00000257  00000-0  00000+0 0  9990
2 40982   0.0078 121.5869 0000603 127.5234 191.6544  1.00273284 15839
TURKSAT 4B              
1 40984U 15060A   20035.00674420  .00000123  00000-0  00000+0 0  9995
2 40984   0.0137  67.8776 0002075 239.4158 238.7304  1.00272971 15793
CHINASAT 2C (ZX 2C)     
1 41021U 15063A   20035.33962015 -.00000316  00000-0  00000+0 0  9992
2 41021   0.0663 271.0686 0001806  51.2717  37.2508  1.00275361 15694
GSAT-15                 
1 41028U 15065A   20035.05047729 -.00000249  00000-0  00000+0 0  9991
2 41028   0.0528 268.8725 0001461 349.9073 346.5731  1.00271453 15544
BADR-7 (ARABSAT-6B)     
1 41029U 15065B   20034.31915753  .00000154  00000-0  00000+0 0  9995
2 41029   0.0639 264.1828 0004372 355.6008  14.0673  1.00275898 15580
LAOSAT 1                
1 41034U 15067A   20034.76785453 -.00000335  00000-0  00000-0 0  9997
2 41034   0.0140 122.6506 0002699 167.0060 248.6462  1.00274949 15551
TELSTAR 12V             
1 41036U 15068A   20033.88027322 -.00000110  00000-0  00000+0 0  9996
2 41036   0.0189  81.9920 0002339 227.8227 124.6040  1.00272529 15405
CHINASAT 1C (ZX 1C)     
1 41103U 15073A   20034.75535422 -.00000143  00000-0  00000-0 0  9996
2 41103   1.3007  93.8140 0002743 215.6609 177.3285  1.00270844 15355
ELEKTRO-L 2             
1 41105U 15074A   20035.21507502 -.00000089  00000-0  00000+0 0  9997
2 41105   0.8815  99.6500 0001110 248.8436 298.7340  1.00270989 15209
COSMOS 2513             
1 41121U 15075A   20035.04786022 -.00000130  00000-0  00000+0 0  9990
2 41121   0.0488 114.1729 0002759 195.3238 281.6557  1.00272256 15285
EXPRESS-AMU1            
1 41191U 15082A   20034.97028685  .00000164  00000-0  00000+0 0  9996
2 41191   0.0144 100.1310 0002836 221.4396 197.4039  1.00273316 15191
GAOFEN 4                
1 41194U 15083A   20034.89035705 -.00000326  00000-0  00000-0 0  9994
2 41194   0.1137 102.0856 0002449 119.1554 338.4684  1.00268754 15173
BELINTERSAT-1           
1 41238U 16001A   20034.77966101  .00000115  00000-0  00000-0 0  9999
2 41238   0.0641 284.0482 0000664 274.6393 266.8787  1.00273591 14949
IRNSS-1E                
1 41241U 16003A   20034.57410464 -.00000305  00000-0  00000+0 0  9990
2 41241  28.9348  98.4554 0021063 184.7090 168.5537  1.00275776 14874
EUTELSAT 9B             
1 41310U 16005A   20034.96184552  .00000070  00000-0  00000+0 0  9996
2 41310   0.0520  75.6443 0005702 223.9079 189.2753  1.00271223 14797
SES-9                   
1 41380U 16013A   20035.05344333 -.00000337  00000-0  00000+0 0  9995
2 41380   0.0510 267.2517 0000871 105.8780 248.0861  1.00271817 14437
EUTELSAT 65 WEST A      
1 41382U 16014A   20033.87024109 -.00000267  00000-0  00000-0 0  9995
2 41382   0.0500  35.0930 0002197 276.8354  68.6612  1.00270405 14215
IRNSS-1F                
1 41384U 16015A   20034.82294543  .00000168  00000-0  00000-0 0  9994
2 41384   2.3483 227.3456 0019818 177.0679  57.6728  1.00269193 14376
BEIDOU IGSO-6           
1 41434U 16021A   20035.07182733 -.00000130  00000-0  00000+0 0  9991
2 41434  56.8476  61.9502 0040359 210.2773 342.8334  1.00286517 14170
IRNSS-1G                
1 41469U 16027A   20034.98583543 -.00000326  00000-0  00000+0 0  9995
2 41469   2.3792 230.0836 0003333 206.3433 181.6089  1.00268495 13871
JCSAT 2B                
1 41471U 16028A   20034.91899226 -.00000157  00000-0  00000+0 0  9992
2 41471   0.0179  92.4319 0002087 208.5741 317.3677  1.00271805 13774
THAICOM 8               
1 41552U 16031A   20034.83219244 -.00000114  00000-0  00000+0 0  9996
2 41552   0.0540  49.0875 0004072 303.6150 158.8877  1.00274009 13463
INTELSAT 31 (IS-31)     
1 41581U 16035A   20034.09244181 -.00000142  00000-0  00000+0 0  9999
2 41581   0.0248 206.9947 0002630   2.0275 221.9166  1.00271529 13377
BEIDOU-2 G7             
1 41586U 16037A   20035.01242694 -.00000346  00000-0  00000+0 0  9992
2 41586   1.2419  58.6156 0007939 357.8488 192.2303  1.00271546 13465
ABS-2A (MONGOLSAT-1)    
1 41588U 16038A   20034.04174706 -.00000075  00000-0  00000-0 0  9995
2 41588   0.0082 108.9809 0001408 136.8295 336.6326  1.00271123 13370
EUTELSAT 117 WEST B     
1 41589U 16038B   20035.08031200 -.00000003  00000-0  00000+0 0  9992
2 41589   0.0022 177.0414 0000352 268.2612 320.2975  1.00270641 13399
BRISAT                  
1 41591U 16039A   20034.91829437 -.00000188  00000-0  00000+0 0  9998
2 41591   0.0111  81.5390 0002307 230.5893 302.4991  1.00270831 13322
ECHOSTAR 18             
1 41592U 16039B   20035.05535472 -.00000274  00000-0  00000+0 0  9994
2 41592   0.0187  87.9944 0001751 219.1446 145.1152  1.00272198 13318
MUOS-5                  
1 41622U 16041A   20034.60505074 -.00000106  00000-0  00000+0 0  9990
2 41622   7.5328 308.7230 0198875 215.4067  81.9196  1.00273042 13746
TIANTONG-1 1            
1 41725U 16048A   20034.98025231 -.00000303  00000-0  00000+0 0  9993
2 41725   3.1765 331.9484 0006400  16.1992 239.6772  1.00268840 12944
JCSAT-16                
1 41729U 16050A   20033.86904222 -.00000348  00000-0  00000-0 0  9992
2 41729   0.0423  92.6960 0004764 193.9551 282.7048  1.00270562 12737
USA 270                 
1 41744U 16052A   20030.55339860  .00000152  00000-0  00000+0 0  9995
2 41744   0.2306  97.4345 0003443 279.5640 342.9822  1.00136988  4787
USA 271                 
1 41745U 16052B   20005.69456395 -.00000302  00000-0  00000+0 0  9994
2 41745   0.1594  98.1133 0000581 293.5458  97.7712  1.00224983  4339
INTELSAT 36 (IS-36)     
1 41747U 16053A   20034.83009877 -.00000016  00000-0  00000+0 0  9996
2 41747   0.0091  51.9302 0001111 299.0926 149.7560  1.00271759 12643
INTELSAT 33E (IS-33E)   
1 41748U 16053B   20034.98973059  .00000058  00000-0  00000+0 0  9990
2 41748   0.0133   2.6848 0001815 295.5430 251.6627  1.00272166 12900
INSAT-3DR               
1 41752U 16054A   20034.47234396 -.00000068  00000-0  00000+0 0  9996
2 41752   0.0414  99.2817 0013177 178.5838  99.2890  1.00271949 12480
GSAT-18                 
1 41793U 16060A   20035.01299372 -.00000068  00000-0  00000+0 0  9994
2 41793   0.0117 270.3299 0000254 294.2670   7.7052  1.00271582 12211
SKY MUSTER 2            
1 41794U 16060B   20034.98888869 -.00000236  00000-0  00000+0 0  9992
2 41794   0.0050  48.8695 0001757 257.2717 328.2669  1.00271604 12250
HIMAWARI-9              
1 41836U 16064A   20034.76229758 -.00000267  00000-0  00000-0 0  9990
2 41836   0.0437 276.7406 0001092  20.2304 251.5797  1.00271220 11871
SHIJIAN-17 (SJ-17)      
1 41838U 16065A   20034.76772505 -.00000353  00000-0  00000-0 0  9992
2 41838   0.0499 124.5671 0002207 193.6665 206.8712  1.00273090 11898
GOES 16                 
1 41866U 16071A   20034.58609971 -.00000240  00000-0  00000+0 0  9990
2 41866   0.0449  93.5802 0000600 240.1653 295.2601  1.00271923 11785
TIANLIAN 1-04           
1 41869U 16072A   20034.83184350 -.00000097  00000-0  00000-0 0  9992
2 41869   0.5373 282.2887 0012324 161.1092  66.4945  1.00270657 11999
WGS F8 (USA 272)        
1 41879U 16075A   20034.91811990 -.00000194  00000-0  00000+0 0  9999
2 41879   0.0161  78.9297 0000244 275.7864 259.1536  1.00271859 11602
FENGYUN 4A              
1 41882U 16077A   20034.89035705 -.00000322  00000-0  00000-0 0  9998
2 41882   0.0416  54.7597 0004294  41.8198 102.1482  1.00271042 11662
ECHOSTAR 19             
1 41893U 16079A   20034.36643944 -.00000130  00000-0  00000+0 0  9990
2 41893   0.0173  97.6706 0001576 207.7136 222.4299  1.00271595 11415
JCSAT-15                
1 41903U 16082A   20035.05379227 -.00000342  00000-0  00000+0 0  9998
2 41903   0.0038  92.9124 0001598 216.4661 313.7206  1.00271346 11464
STAR ONE D1             
1 41904U 16082B   20034.96785519 -.00000203  00000-0  00000+0 0  9999
2 41904   0.0139 274.4368 0001791  52.5720  70.9911  1.00273241 11476
TJS-2                   
1 41911U 17001A   20034.94285705 -.00000333  00000-0  00000+0 0  9993
2 41911   0.2098 280.5514 0005650  41.6762 258.3096  1.00269654 11417
SBIRS GEO-4 (USA 273)   
1 41937U 17004A   20034.78473608  .00000143  00000-0  00000+0 0  9995
2 41937   4.0645 311.9230 0001952 357.3837 307.2032  1.00272831 11280
HISPASAT 36W-1          
1 41942U 17006A   20034.45036049 -.00000236  00000-0  00000+0 0  9995
2 41942   0.0235 297.5634 0001015  13.6910 307.9511  1.00272374 11201
TELKOM 3S               
1 41944U 17007A   20034.76824846 -.00000354  00000-0  00000-0 0  9994
2 41944   0.0201 104.5014 0002405 206.3989 217.0662  1.00271948 10827
INTELSAT 32E (IS-32E)   
1 41945U 17007B   20035.00942852 -.00000261  00000-0  00000+0 0  9997
2 41945   0.0254  88.6972 0000512 174.3238 190.8431  1.00267794 10937
ECHOSTAR 23             
1 42070U 17014A   20033.90400845 -.00000261  00000-0  00000-0 0  9994
2 42070   0.0245  90.1116 0002082 225.2771  74.7098  1.00269822 10626
WGS F9 (USA 275)        
1 42075U 17016A   20035.07675868  .00000082  00000-0  00000+0 0  9999
2 42075   0.0044  63.2484 0000043 110.5072  44.3581  1.00270388 10610
SES-10                  
1 42432U 17017A   20035.05535472 -.00000264  00000-0  00000+0 0  9994
2 42432   0.0118  75.9917 0002911 240.5974 130.1126  1.00270164 10432
CHINASAT 16 (SJ-13)     
1 42662U 17018A   20034.01230144 -.00000343  00000-0  99999+0 0  9996
2 42662   0.0585  89.3573 0006773 152.9399   5.2109  1.00266687 10415
KOREASAT 7              
1 42691U 17023A   20034.83960750 -.00000353  00000-0  00000+0 0  9993
2 42691   0.0203  57.4787 0001291 223.6946 270.4287  1.00272173 10129
SGDC                    
1 42692U 17023B   20033.83987233 -.00000241  00000-0  00000+0 0  9994
2 42692   0.0120  70.6252 0001846 241.9524  47.3899  1.00273614 10124
GSAT-9                  
1 42695U 17024A   20034.77445552 -.00000277  00000-0  00000-0 0  9995
2 42695   0.0889 278.9130 0002338  23.2855 207.2875  1.00270166 10009
INMARSAT 5-F4           
1 42698U 17025A   20033.89457993  .00000084  00000-0  00000-0 0  9998
2 42698   0.0185  88.5785 0000586 195.1420 227.3484  1.00271486  9948
SES-15                  
1 42709U 17026A   20034.93417132  .00000068  00000-0  00000+0 0  9990
2 42709   0.0120  77.6298 0000708 243.7326  19.3299  1.00271798 10861
QZS-2  (MICHIBIKI-2)    
1 42738U 17028A   20033.98486920 -.00000128  00000-0  00000+0 0  9997
2 42738  43.2160 276.3085 0752389 269.8821  81.7075  1.00276840  9817
VIASAT-2                
1 42740U 17029A   20035.05535472 -.00000257  00000-0  00000+0 0  9991
2 42740   0.0013 295.6473 0000275  15.4737 132.5713  1.00271079  9873
EUTELSAT 172B           
1 42741U 17029B   20034.92248170  .00000002  00000-0  00000+0 0  9990
2 42741   0.0161 101.7877 0000253 136.2255  39.6204  1.00271068 10384
GSAT-19                 
1 42747U 17031A   20034.42757694  .00000134  00000-0  00000+0 0  9996
2 42747   0.0948 270.3764 0005312 101.4179 323.0688  1.00273587  9811
ECHOSTAR 21             
1 42749U 17032A   20034.11160456  .00000080  00000-0  00000-0 0  9990
2 42749   5.7705 313.3789 0002115   7.4828 222.3280  1.00274298  9780
CHINASAT 9A (ZX 9A)     
1 42763U 17035A   20034.80257604 -.00000304  00000-0  00000-0 0  9997
2 42763   0.0236 157.8629 0001456 266.4887  99.3922  1.00268334 10338
BULGARIASAT-1           
1 42801U 17038A   20034.96044975  .00000019  00000-0  00000+0 0  9996
2 42801   0.0165  81.9622 0002518 235.5310 163.7353  1.00272619  9591
HELLAS-SAT 3            
1 42814U 17040A   20035.00674420  .00000161  00000-0  00000+0 0  9991
2 42814   0.0656  39.8499 0004115 299.1805 195.9999  1.00271231  9541
GSAT-17                 
1 42815U 17040B   20035.05047729 -.00000250  00000-0  00000+0 0  9993
2 42815   0.1226 276.3721 0005407 349.0353 339.9598  1.00273178  9558
INTELSAT 35E (IS-35E)   
1 42818U 17041A   20035.03104958 -.00000230  00000-0  00000+0 0  9991
2 42818   0.0429 248.9701 0002123  75.8214 145.5265  1.00270087  9525
COSMOS 2520             
1 42907U 17046A   20035.00674420  .00000145  00000-0  00000+0 0  9992
2 42907   0.0247 114.0117 0000399 211.6520 215.3744  1.00269797  9073
TDRS 13                 
1 42915U 17047A   20035.07529748 -.00000084  00000-0  00000+0 0  9994
2 42915   5.7793 330.1894 0013074  75.8945 103.3249  1.00272353  9065
QZS-3 (MICHIBIKI-3)     
1 42917U 17048A   20034.98539925 -.00000340  00000-0  00000+0 0  9999
2 42917   0.0549 204.5675 0001607 131.0558 279.7278  1.00267785  9051
AMAZONAS 5              
1 42934U 17053A   20035.05535472 -.00000274  00000-0  00000+0 0  9992
2 42934   0.0403 313.1539 0005245   4.0084 135.4288  1.00270870  8811
ASIASAT 9               
1 42942U 17057A   20032.63035611 -.00000352  00000-0  00000-0 0  9994
2 42942   0.0280  94.3428 0002460 201.9262 184.0457  1.00271865  8600
INTELSAT 37E (IS-37E)   
1 42950U 17059A   20035.02480056 -.00000132  00000-0  00000+0 0  9993
2 42950   0.0183  98.2089 0002549 199.4189 186.9443  1.00273505  8737
BSAT-4A                 
1 42951U 17059B   20034.76659097 -.00000342  00000-0  00000-0 0  9991
2 42951   0.0543 333.8201 0003385  35.4597 149.9175  1.00272343  8496
QZS-4 (MICHIBIKI-4)     
1 42965U 17062A   20034.27117774 -.00000296  00000-0  00000+0 0  9994
2 42965  40.8034  13.3746 0750839 268.9831  85.4974  1.00294844  8490
SES-11 (ECHOSTAR 105)   
1 42967U 17063A   20035.08266737 -.00000081  00000-0  00000+0 0  9993
2 42967   0.0161 115.3536 0003062 200.5589 102.5890  1.00271828  8497
KOREASAT 5A             
1 42984U 17067A   20035.05440292 -.00000350  00000-0  00000+0 0  9992
2 42984   0.0317 106.8998 0001459 164.4087 355.1006  1.00271875  8313
ALCOMSAT 1              
1 43039U 17078A   20035.02480056 -.00000178  00000-0  00000+0 0  9993
2 43039   0.0589 321.3707 0001951 343.4236 172.9800  1.00272127  7979
SBIRS GEO-3 (USA 282)   
1 43162U 18009A   20034.74087323 -.00000276  00000-0  00000+0 0  9992
2 43162   5.2117 317.4814 0001932 351.6498 229.9445  1.00271595  7522
AL YAH 3                
1 43174U 18012A   20035.09959115 -.00000147  00000-0  00000+0 0  9992
2 43174   0.0147  79.1198 0002304 238.0623 192.2971  1.00269775  7523
SES-14                  
1 43175U 18012B   20034.23898079 -.00000269  00000-0  00000-0 0  9995
2 43175   0.0133  25.0234 0001199 273.9489 232.4259  1.00272199  7743
GOES 17                 
1 43226U 18022A   20033.71224597  .00000106  00000-0  00000+0 0  9991
2 43226   0.0215  92.6318 0000591 230.8249 288.0992  1.00273730  7108
HISPASAT 30W-6          
1 43228U 18023A   20035.07480199 -.00000208  00000-0  00000+0 0  9991
2 43228   0.0394  49.6008 0004068 303.5073 137.5371  1.00270688  7188
SUPERBIRD 8             
1 43271U 18033A   20034.92056250 -.00000084  00000-0  00000+0 0  9992
2 43271   0.0176 124.1912 0001192 181.3287 321.4066  1.00271069  6730
HYLAS 4                 
1 43272U 18033B   20035.03104958 -.00000226  00000-0  00000+0 0  9993
2 43272   0.0655 118.7124 0002023  83.5436 269.0488  1.00270382  6765
IRNSS-1I                
1 43286U 18035A   20031.81230272  .00000093  00000-0  00000+0 0  9992
2 43286  28.8875 111.7581 0021616 185.7083 180.4419  1.00273907  6726
USA 283                 
1 43339U 18036A   20033.53726994 -.00000309  00000-0  00000+0 0  9995
2 43339   0.0103 254.6966 0000309 119.8516  85.1283  1.00270004  1988
COSMOS 2526             
1 43432U 18037A   20034.98557372 -.00000336  00000-0  00000+0 0  9992
2 43432   0.0267 114.7603 0000440 318.9307 182.7625  1.00271780  6658
APSTAR 6C               
1 43450U 18041A   20033.98181594 -.00000309  00000-0  00000-0 0  9996
2 43450   0.0532 260.8950 0001471 185.3976 173.7847  1.00270444  6511
BANGABANDHUSAT-1        
1 43463U 18044A   20034.98382899 -.00000354  00000-0  00000+0 0  9994
2 43463   0.0179  99.7507 0001394 220.2267 286.9011  1.00272204  6410
SES-12                  
1 43488U 18049A   20035.05073900 -.00000261  00000-0  00000+0 0  9992
2 43488   0.0182  64.4013 0002664 220.7497 321.7762  1.00271286  6109
FENGYUN 2H              
1 43491U 18050A   20035.07965981 -.00000120  00000-0  00000+0 0  9993
2 43491   0.9749 277.7148 0001431 234.7212  89.2217  1.00274247  6190
BEIDOU IGSO-7           
1 43539U 18057A   20034.83847344 -.00000084  00000-0  00000-0 0  9998
2 43539  55.0421 183.4788 0025454 196.9610 166.8484  1.00257894  5844
TELSTAR 19V             
1 43562U 18059A   20034.95674389 -.00000271  00000-0  00000+0 0  9993
2 43562   0.0101 132.6106 0001348 130.7697 151.6085  1.00270754  5852
TELKOM 4 (MERAH PUTIH)  
1 43587U 18064A   20034.98156086 -.00000335  00000-0  00000+0 0  9999
2 43587   0.0218 104.1263 0001694 251.9163 238.8960  1.00270015  5540
TELSTAR 18V (APSTAR 5C) 
1 43611U 18069A   20034.98758015 -.00000286  00000-0  00000+0 0  9997
2 43611   0.0164  86.5679 0002025 223.0060 317.5451  1.00270263  5294
AZERSPACE 2 (IS-38)     
1 43632U 18074A   20034.42757694  .00000145  00000-0  00000+0 0  9990
2 43632   0.0183  92.1339 0001553 216.5679  23.4069  1.00271441  5176
HORIZONS 3E             
1 43633U 18074B   20034.92195828 -.00000022  00000-0  00000+0 0  9996
2 43633   0.0013 336.9738 0000381 273.0630  24.4131  1.00271931  5034
AEHF-4 (USA 288)        
1 43651U 18079A   20035.07368207  .00000143  00000-0  00000+0 0  9994
2 43651   4.1445 311.1916 0003947 346.6850  72.2509  1.00271663  4977
BEIDOU-3 G1             
1 43683U 18085A   20034.98888869 -.00000235  00000-0  00000+0 0  9999
2 43683   2.0643 261.4489 0001016  83.4001 289.3023  1.00269724  4753
GSAT-29                 
1 43698U 18089A   20034.99493736  .00000093  00000-0  00000+0 0  9996
2 43698   0.0102   7.3775 0002990 278.4657 260.9734  1.00274217  4507
ES'HAIL 2               
1 43700U 18090A   20034.97063407  .00000152  00000-0  00000+0 0  9994
2 43700   0.0167  92.0052 0002155 245.1913 171.5943  1.00271409  4600
GEO-KOMPSAT-2A          
1 43823U 18100A   20034.98566095 -.00000336  00000-0  00000+0 0  9999
2 43823   0.0177 109.7528 0000711 279.4998 227.4700  1.00268275  4340
GSAT-11                 
1 43824U 18100B   20034.47234396 -.00000069  00000-0  00000+0 0  9993
2 43824   0.0842 270.3229 0004384 163.2336 303.6370  1.00273155  4319
GSAT-7A                 
1 43864U 18105A   20034.51153605  .00000035  00000-0  00000+0 0  9992
2 43864   0.1211 276.1708 0002262 358.3100 105.5914  1.00272763  4158
COSMOS 2533             
1 43867U 18107A   20035.07615678 -.00000031  00000-0  00000+0 0  9999
2 43867   0.0236 124.0439 0000749 321.3050 145.7610  1.00274504  4111
TJS-3                   
1 43874U 18110A   20034.61785344  .00000011  00000-0  00000-0 0  9996
2 43874   0.0816 267.3516 0005598 335.2319 286.0903  1.00273590  4162
TJS-3 AKM               
1 43917U 18110C   20034.18219701  .00000067  00000-0  00000-0 0  9996
2 43917   0.4249 274.1349 0002399   8.0202 335.2737  1.00266635  4025
CHINASAT 2D (ZX 2D)     
1 43920U 19001A   20032.61705505 -.00000329  00000-0  00000+0 0  9999
2 43920   0.0289 268.9407 0001320  44.3828 170.0927  1.00270483  4027
HELLAS-SAT 4 & SGS-1    
1 44034U 19007A   20034.75245875  .00000161  00000-0  00000+0 0  9991
2 44034   0.0688 122.9610 0002945  38.2470 282.0224  1.00272389  4055
GSAT-31                 
1 44035U 19007B   20034.97658840 -.00000156  00000-0  00000+0 0  9991
2 44035   0.0604 272.2846 0004895   1.3405 294.5497  1.00272125  3641
NUSANTARA SATU          
1 44048U 19009A   20034.91733477 -.00000226  00000-0  00000+0 0  9999
2 44048   0.0126  82.5078 0002172 229.1261 298.1549  1.00271148  3450
CHINASAT 6C (ZX 6C)     
1 44067U 19012A   20034.28104806 -.00000328  00000-0  99999+0 0  9990
2 44067   0.0607 261.1387 0003767  12.3238  90.6433  1.00270300  3412
WGS 10 (USA 291)        
1 44071U 19014A   20034.98792910 -.00000301  00000-0  00000+0 0  9999
2 44071   0.0564  99.7961 0000913 212.4895 316.8117  0.99305343  3295
TIANLIAN 2-01           
1 44076U 19017A   20035.04786022 -.00000125  00000-0  00000+0 0  9996
2 44076   2.3224 287.6785 0028975 212.0198  91.2300  1.00271533  3294
ARABSAT-6A              
1 44186U 19021A   20035.04285308  .00000162  00000-0  00000+0 0  9994
2 44186   0.0633 319.0536 0004224 341.0896 239.4497  1.00276658  2877
BEIDOU-3 IGSO-1         
1 44204U 19023A   20034.48063138 -.00000192  00000-0  10000-3 0  9998
2 44204  55.3016  62.4045 0014970 195.8041 163.2074  1.00277492  3037
BEIDOU-2 G8             
1 44231U 19027A   20034.97597775 -.00000126  00000-0  00000+0 0  9997
2 44231   1.2892 295.0221 0001783  63.5290 206.3886  1.00272797  2777
YAMAL 601               
1 44307U 19031A   20033.99632615  .00000129  00000-0  00000-0 0  9993
2 44307   0.0211  99.7995 0002208 219.9830 220.5307  1.00271305  2635
AT&T T-16               
1 44333U 19034A   20035.05232116 -.00000107  00000-0  00000+0 0  9992
2 44333   0.0098  66.5636 0000265 127.0753 218.0136  1.00269772  2340
EUTELSAT 7C             
1 44334U 19034B   20034.96140934  .00000056  00000-0  00000+0 0  9990
2 44334   0.0042 226.3979 0003656 160.6451  99.6076  1.00271072  2815
BEIDOU-3 IGSO-2         
1 44337U 19035A   20034.83768831 -.00000084  00000-0  00000+0 0  9994
2 44337  55.0626 179.5387 0012401 182.9875 180.2245  1.00280091  2381
COSMOS 2539             
1 44457U 19048A   20035.03730177  .00000089  00000-0  00000+0 0  9990
2 44457   0.0291 141.9940 0000564 291.0632  86.0113  1.00270013  1918
EDRS-C                  
1 44475U 19049A   20035.20882826  .00000162  00000-0  00000+0 0  9991
2 44475   0.0095  87.1587 0000851 172.9862 340.0267  1.00270520  1892
INTELSAT 39 (IS-39)     
1 44476U 19049B   20034.82879024  .00000042  00000-0  00000+0 0  9992
2 44476   0.0181  85.5680 0000466 267.2545 140.9291  1.00271616  1861
AMOS-17                 
1 44479U 19050A   20035.03730177  .00000118  00000-0  00000+0 0  9990
2 44479   0.0230  95.7503 0000692 288.8392 139.4737  1.00273602  1883
AEHF-5 (USA 292)        
1 44481U 19051A   20034.22202285 -.00000143  00000-0  00000-0 0  9998
2 44481   6.2528 309.3963 0003127 346.7154 182.4419  1.00270018  1944
EUTELSAT 5 WEST B       
1 44624U 19067A   20034.74373515 -.00000034  00000-0  00000+0 0  9994
2 44624   0.0337 324.7969 0001240  45.8362  25.4881  1.00271016  1131
TJS-4                   
1 44637U 19070A   20035.07840132 -.00000162  00000-0  00000+0 0  9995
2 44637   0.0442 254.0857 0005930  85.1401 266.3265  1.00270804  1242
BEIDOU-3 IGSO-3         
1 44709U 19073A   20034.73840647 -.00000170  00000-0  00000+0 0  9990
2 44709  58.5883 305.2780 0023550 180.8265  20.4334  1.00272215  1134
TIBA-1                  
1 44800U 19080A   20034.73799505  .00000164  00000-0  00000+0 0  9998
2 44800   0.0126 133.4763 0002164 171.0220 130.0380  1.00270146   769
INMARSAT GX5            
1 44801U 19080B   20035.12035333 -.00000164  00000-0  00000+0 0  9996
2 44801   0.0321 229.1131 0002386 126.7535 264.9773  1.00273375   772
JCSAT-18 (KACIFIC 1)    
1 44868U 19091A   20034.91820713 -.00000193  00000-0  00000+0 0  9993
2 44868   0.0322 247.8765 0001815  67.9801 298.2387  1.00270872   774
ELEKTRO-L 3             
1 44903U 19095A   20034.74210559 -.00000050  00000-0  00000+0 0  9991
2 44903   0.4813 282.3219 0003893  39.5784 244.3743  1.00271511   403
SHIJIAN-20 (SJ-20)      
1 44910U 19097A   20035.08440684 -.00000353  00000-0  00000+0 0  9999
2 44910   0.0770 290.2121 0005132  53.6873 295.4009  1.00269012   396
