COSMOS 2426 (717)       
1 29671U 06062B   20034.26076178  .00000048  00000-0  10000-3 0  9991
2 29671  65.0192 272.4817 0019663 171.0471 110.9197  2.12962260102019
COSMOS 2433 (720)       
1 32275U 07052A   20034.12250135 -.00000010  00000-0  10000-3 0  9997
2 32275  65.9381  33.4300 0005558 262.0205 344.8441  2.13104360 95525
COSMOS 2432 (719)       
1 32276U 07052B   20034.46619784 -.00000009  00000-0  10000-3 0  9992
2 32276  65.9515  33.5057 0012242 318.4071 142.6135  2.13103656 95532
COSMOS 2434 (721)       
1 32393U 07065A   20033.85673911  .00000047  00000-0  00000+0 0  9996
2 32393  64.6242 271.0739 0003882  78.8568 211.5461  2.13102997 94229
COSMOS 2436 (723)       
1 32395U 07065C   20034.37550873  .00000052  00000-0  10000-3 0  9998
2 32395  64.6338 271.1035 0015390 344.4093 119.0656  2.13280834 94178
COSMOS 2456 (730)       
1 36111U 09070A   20034.04777208  .00000015  00000-0  00000-0 0  9998
2 36111  64.2165 150.7279 0002990 337.6559 272.6826  2.13102692 78898
COSMOS 2457 (733)       
1 36112U 09070B   20034.02944678  .00000015  00000-0  00000+0 0  9993
2 36112  64.1988 150.6235 0006243 156.7810 203.4277  2.13101422 78901
COSMOS 2459 (731)       
1 36400U 10007A   20034.26414344 -.00000011  00000-0  10000-3 0  9995
2 36400  65.8426  32.4126 0026372 343.9264 226.5473  2.13105091 77257
COSMOS 2461 (735)       
1 36401U 10007B   20034.15443140 -.00000011  00000-0  10000-3 0  9990
2 36401  65.8354  32.3885 0004700  47.2892 348.6467  2.13101918 77254
COSMOS 2460 (732)       
1 36402U 10007C   20034.70372485 -.00000009  00000-0  10000-3 0  9992
2 36402  65.8263  32.3301 0002734 273.5998 223.1309  2.13101373 77261
COSMOS 2464 (736)       
1 37139U 10041C   20034.23656933  .00000051  00000-0  00000-0 0  9991
2 37139  64.2252 270.5675 0027572  12.6532  73.7503  2.13100738 73325
COSMOS 2474 (742)       
1 37829U 11055A   20034.84493792  .00000013  00000-0  00000+0 0  9999
2 37829  64.5367 151.6683 0008378 241.4748 115.7929  2.13101806 64903
COSMOS 2476 (744)       
1 37867U 11064A   20034.74458124  .00000013  00000-0  00000+0 0  9990
2 37867  64.5181 151.7189 0018203 235.2123  91.2598  2.13101832 64254
COSMOS 2477 (745)       
1 37868U 11064B   20034.04458124  .00000017  00000-0  00000+0 0  9998
2 37868  64.5252 151.7965 0015826 235.6304  92.4034  2.13101687 64198
COSMOS 2475 (743)       
1 37869U 11064C   20034.78722329  .00000013  00000-0  00000+0 0  9997
2 37869  64.5322 151.7725 0019665 260.6621 234.3890  2.13101799 64221
COSMOS 2485 (747)       
1 39155U 13019A   20034.11426513  .00000017  00000-0  00000-0 0  9997
2 39155  64.6854 151.9796 0018801 230.0171  17.5349  2.13101778 52712
COSMOS 2492 (754)       
1 39620U 14012A   20034.12455670 -.00000012  00000-0  10000-3 0  9995
2 39620  65.7148  32.1507 0015514 317.5823 332.9627  2.13103301 45663
COSMOS 2500 (755)       
1 40001U 14032A   20034.86606485 -.00000010  00000-0  00000+0 0  9998
2 40001  65.6571  32.0501 0007771 226.5549 133.6972  2.13102593 43906
COSMOS 2501 (702K)      
1 40315U 14075A   20034.12527405  .00000047  00000-0  00000-0 0  9996
2 40315  63.9431 271.5683 0015123 207.8457 100.1538  2.13098471 40285
COSMOS 2514 (751)       
1 41330U 16008A   20034.15046728 -.00000013  00000-0  00000+0 0  9992
2 41330  65.4592  31.9804 0011268 228.1941 125.2476  2.13103202 31043
COSMOS 2516 (753)       
1 41554U 16032A   20034.85946970  .00000056  00000-0  00000+0 0  9998
2 41554  64.1649 271.5756 0010974 219.4278 208.6031  2.13101716 28673
COSMOS 2522 (752)       
1 42939U 17055A   20034.16352398  .00000048  00000-0  00000-0 0  9993
2 42939  64.3976 271.7404 0006093 255.3789 225.2975  2.13102009 18410
COSMOS 2527 (756)       
1 43508U 18053A   20034.90439628  .00000013  00000-0  00000+0 0  9990
2 43508  64.8507 151.7739 0006654 223.3278 137.3337  2.13102553 12724
COSMOS 2529 (757)       
1 43687U 18086A   20034.11233537  .00000048  00000-0  00000-0 0  9997
2 43687  64.6130 271.8249 0009120 279.9766 117.0663  2.13102059  9726
COSMOS 2534 (758)       
1 44299U 19030A   20033.85764117  .00000045  00000-0  00000+0 0  9996
2 44299  64.6822 271.6360 0012972 297.6465  39.1051  2.13101850  5356
