GOES 1 (SMS-C) [-]      
1 08366U 75100A   20034.53529619 -.00000208  00000-0  00000-0 0  9996
2 08366  10.2473 306.6881 0004881 345.6374 312.9211  1.00268795161743
GOES 2 [-]              
1 10061U 77048A   20034.22372133 -.00000042  00000-0  00000-0 0  9993
2 10061  11.6747 316.6433 0017729 356.3213 167.7044  0.99394325 23155
GOES 3 [-]              
1 10953U 78062A   20033.35772983  .00000063  00000-0  00000-0 0  9992
2 10953  11.9189 320.5994 0004766   8.7028 175.9473  0.99358090105419
GOES 4 [-]              
1 11964U 80074A   20034.03527443 -.00000166  00000-0  00000-0 0  9991
2 11964  12.7927 324.3442 0036015  40.0967 139.2276  0.99233185104357
GOES 5 [-]              
1 12472U 81049A   20034.41294031 -.00000276  00000-0  00000-0 0  9997
2 12472  13.3084 334.9795 0004607 338.2552 261.2960  1.00284078 99523
GOES 6 [-]              
1 14050U 83041A   20033.29404753 -.00000257  00000-0  00000+0 0  9992
2 14050  13.7034 340.0405 0003092  10.4364 172.3685  1.00278185192723
GOES 7 [-]              
1 17561U 87022A   20034.73832653 -.00000265  00000-0  00000+0 0  9998
2 17561  14.8643 356.1905 0008520 354.5755  16.6430  0.99906188103752
GOES 8 [-]              
1 23051U 94022A   20033.87189858 -.00000178  00000-0  00000-0 0  9997
2 23051  12.4145  30.6196 0008966 308.7431  50.2073  0.98905215101110
GOES 9 [-]              
1 23581U 95025A   20033.77479418 -.00000202  00000-0  00000+0 0  9999
2 23581  11.9029  30.5296 0003342 356.3164 201.0101  0.98802491 89764
GOES 10 [-]             
1 24786U 97019A   20033.95674241 -.00000088  00000-0  00000+0 0  9995
2 24786  10.4463  36.0755 0026219 192.0823 167.9916  0.99122056 83002
GOES 11 [-]             
1 26352U 00022A   20034.75141192  .00000012  00000-0  00000-0 0  9994
2 26352   6.8903  65.9718 0005011 233.3679 138.2175  0.99042248 29446
GOES 12 [-]             
1 26871U 01031A   20033.74277858 -.00000081  00000-0  00000-0 0  9995
2 26871   8.0005  53.6202 0010141 269.2509  92.3402  0.99139270 67707
GOES 13 [B]             
1 29155U 06018A   20034.83158178 -.00000023  00000-0  00000-0 0  9993
2 29155   0.3613  93.6441 0008694 178.9864 236.1379  0.99971289 20056
GOES 14 [S]             
1 35491U 09033A   20034.29316119 -.00000085  00000-0  00000+0 0  9991
2 35491   0.0161  63.6976 0010841 172.2983 258.2885  1.00272589 38839
GOES 15 [+]             
1 36411U 10008A   20034.93443302  .00000062  00000-0  00000+0 0  9998
2 36411   0.0560 260.7344 0000836 229.2689 211.7919  1.00279723 36357
GOES 16 [+]             
1 41866U 16071A   20034.58609971 -.00000240  00000-0  00000+0 0  9990
2 41866   0.0449  93.5802 0000600 240.1653 295.2601  1.00271923 11785
GOES-S [+]              
1 43226U 18022A   20033.71224597  .00000106  00000-0  00000+0 0  9991
2 43226   0.0215  92.6318 0000591 230.8249 288.0992  1.00273730  7108
