GORIZONT 1 [-]          
1 11158U 78118A   20033.98179311 -.00000102  00000-0  00000-0 0  9992
2 11158  12.4862 239.4376 3588625 234.4910  86.3683  1.00307754 99611
GORIZONT 2 [-]          
1 11440U 79062A   20035.07217962 -.00000017  00000-0  00000+0 0  9996
2 11440  11.1751 312.1473 0005167 334.9635 302.6774  1.00238740114696
GORIZONT 3 [-]          
1 11648U 79105A   20034.88729812  .00000157  00000-0  00000+0 0  9998
2 11648  11.3123 313.4212 0009199 192.5817 348.5549  1.00296307 99149
GORIZONT 4 [-]          
1 11841U 80049A   20034.89631090 -.00000008  00000-0  00000+0 0  9999
2 11841  12.3938 318.4088 0005448 352.0586 186.0090  0.98628713210613
GORIZONT 5 [-]          
1 13092U 82020A   20033.11424270  .00000030  00000-0  00000+0 0  9998
2 13092  13.2740 323.3927 0029764 189.1874  95.1009  0.98529759 98655
GORIZONT 6 [-]          
1 13624U 82103A   20034.33175955 -.00000283  00000-0  00000+0 0  9990
2 13624  12.1600 323.2862 0002445 359.8481 229.1240  1.00348198 97614
GORIZONT 7 [-]          
1 14160U 83066A   20034.22694907 -.00000056  00000-0  00000+0 0  9994
2 14160  13.6115 331.7372 0013329 310.7387 215.5939  0.98347052131911
GORIZONT 8 [-]          
1 14532U 83118A   20034.90137058  .00000009  00000-0  00000+0 0  9996
2 14532  13.7304 333.4261 0025627 119.3062  70.9958  0.98268078 97687
GORIZONT 9 [-]          
1 14940U 84041A   20034.77445552 -.00000282  00000-0  00000-0 0  9996
2 14940  12.9443 331.7684 0002069 264.5231 272.6112  1.00280897 98626
GORIZONT 10 [-]         
1 15144U 84078A   20034.06010397  .00000054  00000-0  00000+0 0  9995
2 15144  13.0123 332.7655 0004741 346.2560  63.2934  1.00366801131287
GORIZONT 11 [-]         
1 15484U 85007A   20034.05816112 -.00000279  00000-0  00000-0 0  9994
2 15484  13.1292 334.6274 0003383  20.7957  90.7720  1.00366105129300
GORIZONT 12 [-]         
1 16769U 86044A   20034.06019538 -.00000237  00000-0  00000-0 0  9995
2 16769  13.5755 339.7012 0004520 327.4942 299.3197  1.00207693123930
GORIZONT 13 [-]         
1 17083U 86090A   20034.03250005 -.00000100  00000-0  00000-0 0  9998
2 17083  15.2473 346.2548 0019300 321.9123 225.0157  0.96726040 96145
GORIZONT 14 [-]         
1 17969U 87040A   20034.53382898 -.00000099  00000-0  00000+0 0  9994
2 17969  14.4882 338.1758 0025854 148.3126  46.3586  0.97658808 97138
GORIZONT 15 [-]         
1 19017U 88028A   20033.80141860 -.00000163  00000-0  00000-0 0  9991
2 19017  15.4059 349.3380 0031347 130.2170  77.2622  0.97829785 96743
GORIZONT 16 [-]         
1 19397U 88071A   20033.58799278  .00000084  00000-0  00000-0 0  9998
2 19397  14.2821 348.1237 0017414  18.6371 174.5138  0.99981358114973
GORIZONT 17 [-]         
1 19765U 89004A   20033.86273880  .00000013  00000-0  00000+0 0  9992
2 19765  14.7095 351.2469 0018832  96.7148 251.9846  0.99063611112524
GORIZONT 18 [-]         
1 20107U 89052A   20034.60831153  .00000080  00000-0  00000+0 0  9997
2 20107  14.6971 352.5390 0038314 298.6952 290.7817  0.99398540111281
GORIZONT 19 [-]         
1 20263U 89081A   20034.93494319  .00000126  00000-0  00000+0 0  9998
2 20263  14.4485 351.8603 0005608 305.6602 213.6469  1.00313519111173
GORIZONT 20 [-]         
1 20659U 90054A   20034.88248566 -.00000186  00000-0  00000+0 0  9991
2 20659  14.7707 354.7419 0001759 144.8248  34.8045  1.00318909108370
GORIZONT 21 [-]         
1 20923U 90094A   20034.73527326 -.00000290  00000-0  00000+0 0  9993
2 20923  14.7462 355.5262 0002881 270.3239  84.7624  1.00203322107120
GORIZONT 22 [-]         
1 20953U 90102A   20034.53654966  .00000133  00000-0  00000+0 0  9990
2 20953  14.6924 355.8518 0007350 336.4685  30.2175  1.00185812107082
GORIZONT 23 [-]         
1 21533U 91046A   20034.93705010  .00000037  00000-0  00000+0 0  9997
2 21533  15.2942 359.7706 0009002 310.3153  45.5454  0.98906379 97737
GORIZONT 24 [-]         
1 21759U 91074A   20033.83123587 -.00000056  00000-0  00000+0 0  9991
2 21759  15.3718   1.5390 0015710 217.6461 311.4638  0.98441946102138
GORIZONT 25 [-]         
1 21922U 92017A   20034.16954779 -.00000123  00000-0  00000-0 0  9999
2 21922  14.9311   1.0737 0028392  45.7946 142.8330  0.99858182101715
GORIZONT 26 [-]         
1 22041U 92043A   20034.33424937 -.00000129  00000-0  00000+0 0  9993
2 22041  15.0208   2.8957 0029151 220.7723 130.8168  0.99241002100408
GORIZONT 27 [-]         
1 22245U 92082A   20033.66775559 -.00000038  00000-0  00000-0 0  9996
2 22245  14.9469   2.7813 0017277 335.9933  33.3544  1.00209690103812
GORIZONT 28 [-]         
1 22880U 93069A   20034.20086552 -.00000283  00000-0  00000-0 0  9998
2 22880  14.9244   6.3936 0029463 102.6589 248.7811  0.99658885 95944
GORIZONT 29 [-]         
1 22907U 93072A   20033.39934142 -.00000231  00000-0  00000-0 0  9991
2 22907  14.8548   5.9834 0015633 319.1520  43.5494  1.00114347 95880
GORIZONT 30 [-]         
1 23108U 94030A   20034.14898385 -.00000130  00000-0  00000-0 0  9990
2 23108  14.8273   6.9318 0004015 312.0391 212.7829  1.00282494 94157
GORIZONT 31 [-]         
1 23775U 96005A   20034.40377646 -.00000158  00000-0  00000+0 0  9994
2 23775  14.4716  12.8081 0015690 189.0015 166.7441  0.99882241 87810
GORIZONT 32 [-]         
1 23880U 96034A   20034.20409326 -.00000059  00000-0  00000-0 0  9993
2 23880  14.3979  13.3902 0013312 321.3542  40.6373  1.00220220 86752
GORIZONT 33 [-]         
1 26372U 00029A   20034.00406111 -.00000027  00000-0  00000-0 0  9993
2 26372  12.6377  23.7875 0004382 338.0611  17.7117  1.00158136 72096
