INTELSAT 26 (IS-26)     
1 24732U 97007A   20035.11625324  .00000011  00000-0  00000+0 0  9996
2 24732   8.8509  43.7835 0004039 306.0121 249.4297  1.00271323 83961
GALAXY 25 (G-25)        
1 24812U 97026A   20034.75123744  .00000162  00000-0  00000-0 0  9992
2 24812   1.6080  91.6040 0003465 224.7275 120.3319  1.00271059 83051
INTELSAT 5 (IS-5)       
1 24916U 97046A   20033.71224597  .00000097  00000-0  00000-0 0  9999
2 24916   5.4350  66.3194 0002121 253.2543 292.1820  1.00273718 82294
INTELSAT 805 (IS-805)   
1 25371U 98037A   20034.61898767 -.00000056  00000-0  00000-0 0  9998
2 25371   2.1386  88.8462 0009186 123.8536 233.2219  0.99472145 79221
GALAXY 11 (G-11)        
1 26038U 99071A   20034.43901980 -.00000154  00000-0  00000+0 0  9998
2 26038   0.8980  98.7666 0000309  34.2847  64.9538  1.00272061 73754
INTELSAT 9 (IS-9)       
1 26451U 00043A   20034.95687307 -.00000152  00000-0  00000+0 0  9997
2 26451   5.4253  66.5158 0004464 258.8605 136.7660  1.00107298 71535
INTELSAT 12 (IS-12)     
1 26590U 00068A   20035.08249498  .00000019  00000-0  00000+0 0  9999
2 26590   2.6204  87.3904 0005276 212.1845 288.0665  1.00273340 70486
INTELSAT 1R (IS-1R)     
1 26608U 00072A   20034.91960292 -.00000132  00000-0  00000+0 0  9994
2 26608   2.4116  87.0393 0001519 298.4176 236.2282  1.00270869 70332
INTELSAT 10 (IS-10)     
1 26766U 01019A   20035.11311274  .00000130  00000-0  00000+0 0  9991
2 26766   3.5882  79.8921 0002427 237.3073 264.7458  1.00274111 68615
INTELSAT 901 (IS-901)   
1 26824U 01024A   20035.55196194  .00000061  00000-0  00000+0 0  9995
2 26824   1.5908  91.5449 0000452  88.5727   5.8557  0.99197379 68285
INTELSAT 902 (IS-902)   
1 26900U 01039A   20035.07554140 -.00000047  00000-0  00000+0 0  9997
2 26900   0.3020  98.5745 0004934 235.1948 185.3638  1.00064465 67456
DIRECTV 4S              
1 26985U 01052A   20034.34456069 -.00000224  00000-0  00000+0 0  9992
2 26985   0.3835  95.7492 0004076 261.1108 211.2619  0.99264931 66673
INTELSAT 904 (IS-904)   
1 27380U 02007A   20034.45166903 -.00000206  00000-0  00000+0 0  9990
2 27380   1.1398  94.7532 0002866 223.0049 308.4180  1.00272211 65760
INTELSAT 903 (IS-903)   
1 27403U 02016A   20035.03104958 -.00000218  00000-0  00000+0 0  9996
2 27403   1.9717  89.8651 0001216 266.9904 116.4625  1.00270693 65336
DIRECTV 5 (TEMPO 1)     
1 27426U 02023A   20034.36382236 -.00000047  00000-0  00000-0 0  9992
2 27426   0.0186  86.5635 0003423 230.4619 196.8245  1.00271468 65014
INTELSAT 905 (IS-905)   
1 27438U 02027A   20035.02480054 -.00000177  00000-0  00000+0 0  9993
2 27438   0.9621  95.7629 0002666 203.5777 178.7371  1.00272279 64658
GALAXY 3C (G-3C)        
1 27445U 02030A   20034.71090903 -.00000141  00000-0  00000-0 0  9992
2 27445   0.0136  18.0121 0001786 307.7201 328.4784  1.00267464 23189
INTELSAT 906 (IS-906)   
1 27513U 02041A   20035.08249498  .00000023  00000-0  00000+0 0  9993
2 27513   0.0099 126.1339 0002503 215.6930 245.6968  1.00271371 63651
INTELSAT 907 (IS-907)   
1 27683U 03007A   20034.09312906 -.00000193  00000-0  00000+0 0  9998
2 27683   0.0031  42.9049 0002652 275.1856 180.6587  1.00271610 62066
GALAXY 12 (G-12)        
1 27715U 03013B   20035.07786941  .00000066  00000-0  00000+0 0  9992
2 27715   1.1776  93.8400 0002013 227.5356  71.3484  1.00273685 61697
GALAXY 23 (G-23)        
1 27854U 03034A   20033.79563192  .00000022  00000-0  00000-0 0  9990
2 27854   0.0272 102.4788 0002874 211.5176 343.8684  1.00271453 60413
GALAXY 13 (HORIZONS 1)  
1 27954U 03044A   20034.93469473  .00000057  00000-0  00000+0 0  9993
2 27954   0.0144 263.7246 0001530 116.2250 323.0546  1.00272776 59834
DIRECTV 7S              
1 28238U 04016A   20034.29028241  .00000010  00000-0  00000+0 0  9991
2 28238   0.0480 272.4043 0003253  49.8196 156.1228  1.00273139 57732
INTELSAT 10-02          
1 28358U 04022A   20034.33276777 -.00000002  00000-0  00000+0 0  9997
2 28358   0.0180  90.5923 0003036 221.2217 299.9456  1.00271572 57308
XM-3 (RHYTHM)           
1 28626U 05008A   20035.01924291 -.00000197  00000-0  00000+0 0  9992
2 28626   0.0041 221.5775 0000291  69.7917 124.0948  1.00269612 54757
SPACEWAY 1              
1 28644U 05015A   20034.71529623  .00000099  00000-0  00000+0 0  9996
2 28644   0.7979  94.5573 0003217 351.5476 157.2897  0.99478337 54193
DIRECTV 8               
1 28659U 05019A   20035.05232116 -.00000108  00000-0  00000+0 0  9994
2 28659   0.0162  97.7939 0003211 209.2635 104.6865  1.00272558 53872
GALAXY 28 (G-28)        
1 28702U 05022A   20035.01924291 -.00000177  00000-0  00000+0 0  9991
2 28702   0.0187  78.0187 0002561 263.1420  70.3652  1.00271269 53515
GALAXY 14 (G-14)        
1 28790U 05030A   20035.07865451  .00000045  00000-0  00000+0 0  9998
2 28790   0.0537 284.8648 0002623  25.7872  86.3594  1.00272496 52998
GALAXY 15 (G-15)        
1 28884U 05041A   20034.71817501  .00000088  00000-0  00000+0 0  9994
2 28884   0.0438 264.6618 0001689  50.6973 303.5026  1.00272142 52302
SPACEWAY 2              
1 28903U 05046B   20034.94027784 -.00000118  00000-0  00000+0 0  9997
2 28903   0.0040 231.4487 0000271 131.1338  10.4009  1.00272628 52185
GALAXY 16 (G-16)        
1 29236U 06023A   20034.10572986 -.00000118  00000-0  00000-0 0  9991
2 29236   0.0028 235.9039 0003010  84.2770 111.6148  1.00272894 49892
DIRECTV 9S              
1 29494U 06043A   20034.35178619 -.00000104  00000-0  00000+0 0  9995
2 29494   0.0209 139.7793 0003128 169.2539 209.3869  1.00271979 48789
XM-4 (BLUES)            
1 29520U 06049A   20034.43457076 -.00000013  00000-0  00000+0 0  9996
2 29520   0.0047 139.8018 0000411 195.8282 198.5589  1.00271249 48678
GALAXY 17 (G-17)        
1 31307U 07016B   20034.14528209 -.00000165  00000-0  00000-0 0  9991
2 31307   0.0206  65.3236 0003200 268.3860 120.3770  1.00272589 46630
DIRECTV 10              
1 31862U 07032A   20035.08310355 -.00000094  00000-0  00000+0 0  9990
2 31862   0.0090 274.4608 0000490  66.6555  79.7515  1.00267821 46098
SPACEWAY 3              
1 32018U 07036A   20034.74884725 -.00000143  00000-0  00000+0 0  9992
2 32018   0.0050 143.8923 0000064 202.2546 321.8609  1.00271164 45800
INTELSAT 11 (IS-11)     
1 32253U 07044B   20035.00942852 -.00000260  00000-0  00000+0 0  9998
2 32253   0.0044  60.1625 0001706 274.5217 119.3455  1.00271793 45217
HORIZONS 2              
1 32388U 07063B   20035.04873258 -.00000174  00000-0  00000+0 0  9999
2 32388   0.0099  17.9363 0003106 306.2431 271.8701  1.00271080 44566
DIRECTV 11              
1 32729U 08013A   20034.71090903 -.00000117  00000-0  00000+0 0  9992
2 32729   0.0009 178.8349 0000192 136.1293 335.0908  1.00270166 43616
GALAXY 18 (G-18)        
1 32951U 08024A   20035.07909069  .00000033  00000-0  00000+0 0  9999
2 32951   0.0048  47.5257 0003048 271.1609  80.4724  1.00273000 42773
INTELSAT 25 (IS-25)     
1 33153U 08034A   20034.21526715 -.00000215  00000-0  00000-0 0  9997
2 33153   0.0388 258.7826 0002679  31.1949 248.8557  1.00272542 42418
GALAXY 19 (G-19)        
1 33376U 08045A   20033.69424257 -.00000130  00000-0  00000-0 0  9991
2 33376   0.0175  93.2947 0003650 235.2983 316.6682  1.00271702 41611
SIRIUS FM-5             
1 35493U 09034A   20035.08641852 -.00000192  00000-0  00000+0 0  9996
2 35493   0.0200 329.0879 0000462  43.2234  66.3608  1.00271296 38666
INTELSAT 14 (IS-14)     
1 36097U 09064A   20034.80750466 -.00000265  00000-0  00000+0 0  9992
2 36097   0.0167 108.8172 0002585 204.9556  65.3736  1.00272089 37389
INTELSAT 15 (IS-15)     
1 36106U 09067A   20034.77827281 -.00000177  00000-0  00000-0 0  9995
2 36106   0.0176  72.6487 0002337 248.6749 177.3979  1.00272330 17998
DIRECTV 12              
1 36131U 09075A   20034.43701337 -.00000094  00000-0  00000+0 0  9995
2 36131   0.0437 253.6637 0000227 108.7754 185.1366  1.00271065 37063
INTELSAT 16 (IS-16)     
1 36397U 10006A   20035.08842494 -.00000236  00000-0  00000+0 0  9995
2 36397   0.0179  84.3614 0002269 226.5609 138.4126  1.00271689 36426
XM-5                    
1 37185U 10053A   20034.40396674 -.00000196  00000-0  00000+0 0  9997
2 37185   0.0135  72.6643 0001656 337.5230 143.0592  1.00271758 34129
INTELSAT 17 (IS-17)     
1 37238U 10065B   20035.02342949  .00000007  00000-0  00000+0 0  9994
2 37238   0.0324 239.5933 0002327  88.4234 240.0491  1.00271622 33604
INTELSAT NEW DAWN       
1 37392U 11016A   20034.43313115  .00000164  00000-0  00000+0 0  9993
2 37392   0.0204 158.0672 0001382   2.6400 161.0849  1.00262631 32192
INTELSAT 18 (IS-18)     
1 37834U 11056A   20034.85234396  .00000061  00000-0  00000+0 0  9993
2 37834   0.0134  80.8475 0002552 249.1826 290.2892  1.00270825 30531
INTELSAT 22 (IS-22)     
1 38098U 12011A   20035.01299372 -.00000050  00000-0  00000+0 0  9991
2 38098   0.0063  22.6844 0002569 308.4664 239.2498  1.00271262 28736
INTELSAT 19 (IS-19)     
1 38356U 12030A   20034.23989633 -.00000048  00000-0  00000-0 0  9996
2 38356   0.0189  87.5028 0003134 232.6517  65.0738  1.00272374 27130
INTELSAT 20 (IS-20)     
1 38740U 12043A   20034.61480035 -.00000015  00000-0  00000-0 0  9995
2 38740   0.0181 108.0896 0002600  73.0486 241.9123  1.00269362 27428
INTELSAT 21 (IS-21)     
1 38749U 12045A   20034.73300513 -.00000276  00000-0  00000+0 0  9999
2 38749   0.0163 103.8964 0000931  52.9757 182.3731  1.00271015 27328
INTELSAT 23 (IS-23)     
1 38867U 12057A   20035.04980043 -.00000276  00000-0  00000+0 0  9990
2 38867   0.0158  87.0093 0001973 225.1910 146.3940  1.00271256 26790
SIRIUS FM-6             
1 39360U 13058A   20035.08048647 -.00000009  00000-0  00000+0 0  9994
2 39360   0.0187  73.9702 0000789  68.0989 264.4344  1.00271650 23038
INTELSAT 30 (IS-30)     
1 40271U 14062A   20034.94106296 -.00000142  00000-0  00000+0 0  9990
2 40271   0.0174  86.7903 0001718  34.9765 255.5182  1.00270882 19457
INTELSAT 34 (IS-34)     
1 40874U 15039A   20035.09252503 -.00000277  00000-0  00000+0 0  9993
2 40874   0.0178  94.0980 0000768 148.0837 229.3492  1.00271920 16351
INTELSAT 31 (IS-31)     
1 41581U 16035A   20034.09244181 -.00000142  00000-0  00000+0 0  9999
2 41581   0.0248 206.9947 0002630   2.0275 221.9166  1.00271529 13377
INTELSAT 36 (IS-36)     
1 41747U 16053A   20034.83009877 -.00000016  00000-0  00000+0 0  9996
2 41747   0.0091  51.9302 0001111 299.0926 149.7560  1.00271759 12643
INTELSAT 33E (IS-33E)   
1 41748U 16053B   20034.98973059  .00000058  00000-0  00000+0 0  9990
2 41748   0.0133   2.6848 0001815 295.5430 251.6627  1.00272166 12900
INTELSAT 32E (IS-32E)   
1 41945U 17007B   20035.00942852 -.00000261  00000-0  00000+0 0  9997
2 41945   0.0254  88.6972 0000512 174.3238 190.8431  1.00267794 10937
INTELSAT 35E (IS-35E)   
1 42818U 17041A   20035.03104958 -.00000230  00000-0  00000+0 0  9991
2 42818   0.0429 248.9701 0002123  75.8214 145.5265  1.00270087  9525
INTELSAT 37E (IS-37E)   
1 42950U 17059A   20035.02480056 -.00000132  00000-0  00000+0 0  9993
2 42950   0.0183  98.2089 0002549 199.4189 186.9443  1.00273505  8737
AZERSPACE 2 (IS-38)     
1 43632U 18074A   20034.42757694  .00000145  00000-0  00000+0 0  9990
2 43632   0.0183  92.1339 0001553 216.5679  23.4069  1.00271441  5176
HORIZONS 3E             
1 43633U 18074B   20034.92195828 -.00000022  00000-0  00000+0 0  9996
2 43633   0.0013 336.9738 0000381 273.0630  24.4131  1.00271931  5034
INTELSAT 39 (IS-39)     
1 44476U 19049B   20034.82879024  .00000042  00000-0  00000+0 0  9992
2 44476   0.0181  85.5680 0000466 267.2545 140.9291  1.00271616  1861
