IRIDIUM 106             
1 41917U 17003A   20033.94329753  .00000075  00000-0  19697-4 0  9991
2 41917  86.4000 340.6039 0002146  73.8194 286.3238 14.34219788159781
IRIDIUM 103             
1 41918U 17003B   20034.20969418  .00000069  00000-0  17730-4 0  9999
2 41918  86.4001 340.4004 0002596  85.8721 274.2771 14.34220024159852
IRIDIUM 109             
1 41919U 17003C   20035.12304368  .00000075  00000-0  19728-4 0  9995
2 41919  86.4003 340.0398 0002250  84.3856 275.7596 14.34218444159963
IRIDIUM 102             
1 41920U 17003D   20034.81225810  .00000067  00000-0  16914-4 0  9991
2 41920  86.3999 340.1433 0002224  91.4444 268.7007 14.34218266159985
IRIDIUM 105             
1 41921U 17003E   20034.99265175  .00000071  00000-0  18281-4 0  9993
2 41921  86.3990 308.4496 0002545  57.3756 302.7686 14.34222134161867
IRIDIUM 104             
1 41922U 17003F   20035.17378140  .00000079  00000-0  21221-4 0  9998
2 41922  86.4002 339.9993 0002266  75.2823 284.8624 14.34217951160028
IRIDIUM 114             
1 41923U 17003G   20035.11035895  .00000062  00000-0  14972-4 0  9997
2 41923  86.4002 340.0158 0001797  85.1027 275.0374 14.34217838160016
IRIDIUM 108             
1 41924U 17003H   20035.13863968  .00000069  00000-0  17751-4 0  9995
2 41924  86.3985 308.4191 0001912  74.3619 285.7788 14.34216925161875
IRIDIUM 112             
1 41925U 17003J   20034.12090817  .00000067  00000-0  16927-4 0  9991
2 41925  86.3996 340.3811 0001823  95.4539 264.6864 14.34217571159885
IRIDIUM 111             
1 41926U 17003K   20034.94544142  .00000059  00000-0  14030-4 0  9991
2 41926  86.3998 340.0571 0002493  83.4688 276.6791 14.34216817160048
IRIDIUM 113             
1 42803U 17039A   20034.99518184  .00000000  00000-0 -70538-5 0  9990
2 42803  86.3982 213.6902 0002356  83.5515 276.5949 14.34217152137914
IRIDIUM 123             
1 42804U 17039B   20035.10641191  .00000006  00000-0 -50108-5 0  9997
2 42804  86.3954 245.2043 0002172  88.7763 271.3682 14.34217372136694
IRIDIUM 120             
1 42805U 17039C   20034.98884261 -.00000001  00000-0 -72972-5 0  9999
2 42805  86.3971 213.7765 0002384  80.9328 279.2137 14.34215765137902
IRIDIUM 115             
1 42806U 17039D   20034.97023241  .00000007  00000-0 -38522-5 0  9990
2 42806  86.4510 213.5565 0003722 126.4716 233.6829 14.43277829138882
IRIDIUM 118             
1 42807U 17039E   20035.06838340  .00000037  00000-0  61045-5 0  9994
2 42807  86.3951 245.2280 0002083  99.8357 260.3074 14.34218067136695
IRIDIUM 117             
1 42808U 17039F   20035.08738504  .00000025  00000-0  19001-5 0  9990
2 42808  86.3949 245.1979 0002236  76.5654 283.5791 14.34217711136721
IRIDIUM 126             
1 42809U 17039G   20035.11275352  .00000029  00000-0  34306-5 0  9991
2 42809  86.3951 245.2024 0002169  88.0350 272.1094 14.34217409136705
IRIDIUM 124             
1 42810U 17039H   20035.11202218  .00000085  00000-0  19186-4 0  9994
2 42810  86.4534 182.0304 0001923  80.7014 279.4404 14.43285175139755
IRIDIUM 128             
1 42811U 17039J   20035.03373349  .00000077  00000-0  20326-4 0  9999
2 42811  86.3958 276.8000 0002915  84.2918 275.8610 14.34218967136711
IRIDIUM 121             
1 42812U 17039K   20035.06201015  .00000031  00000-0  39775-5 0  9992
2 42812  86.3952 245.2386 0002247  89.8450 270.3003 14.34218125136681
IRIDIUM 133             
1 42955U 17061A   20035.06543698  .00000051  00000-0  10972-4 0  9990
2 42955  86.3960 276.8499 0002520  85.8954 274.2530 14.34216601121513
IRIDIUM 100             
1 42956U 17061B   20034.91957070  .00000063  00000-0  15557-4 0  9994
2 42956  86.3958 276.8853 0002056  84.3247 275.8183 14.34219186121510
IRIDIUM 122             
1 42957U 17061C   20034.39947695  .00000066  00000-0  16365-4 0  9990
2 42957  86.3958 277.0982 0002767  84.8577 275.2934 14.34218870121424
IRIDIUM 129             
1 42958U 17061D   20034.91321448  .00000061  00000-0  14706-4 0  9993
2 42958  86.3959 276.9251 0002482  87.3765 272.7715 14.34216986121519
IRIDIUM 119             
1 42959U 17061E   20035.09082919  .00000074  00000-0  19372-4 0  9999
2 42959  86.3959 276.8352 0002453  89.5575 270.5901 14.34217449121554
IRIDIUM 107             
1 42960U 17061F   20034.41216468  .00000067  00000-0  16869-4 0  9994
2 42960  86.3961 277.1256 0002131  83.8255 276.3183 14.34218316121472
IRIDIUM 132             
1 42961U 17061G   20034.90687628  .00000073  00000-0  19067-4 0  9999
2 42961  86.3960 276.9110 0002218  77.6086 282.5358 14.34218827121534
IRIDIUM 136             
1 42962U 17061H   20035.14789094  .00000015  00000-0 -18514-5 0  9991
2 42962  86.3960 276.8096 0002415  91.4203 268.7270 14.34215863121582
IRIDIUM 139             
1 42963U 17061J   20034.94494798  .00000071  00000-0  18253-4 0  9993
2 42963  86.3962 276.9190 0002228  83.9421 276.2029 14.34217709121566
IRIDIUM 125             
1 42964U 17061K   20034.93225628  .00000069  00000-0  17711-4 0  9992
2 42964  86.3963 276.9434 0002155  82.8982 277.2459 14.34217054121570
IRIDIUM 135             
1 43070U 17083A   20034.69705251  .00000033  00000-0  47372-5 0  9991
2 43070  86.3974 213.8051 0001592  90.6165 269.5213 14.34217092110831
IRIDIUM 138             
1 43071U 17083B   20035.00149427  .00000035  00000-0  53422-5 0  9990
2 43071  86.3964 213.5947 0002258  92.1316 268.0138 14.34218272110861
IRIDIUM 116             
1 43072U 17083C   20035.03955319  .00000012  00000-0 -29475-5 0  9996
2 43072  86.3975 213.6754 0001840  98.6617 261.4788 14.34218201110907
IRIDIUM 130             
1 43073U 17083D   20035.00787010  .00000031  00000-0  41354-5 0  9995
2 43073  86.3982 213.7352 0002168  95.0923 265.0520 14.34217141110845
IRIDIUM 151             
1 43074U 17083E   20035.05224391  .00000035  00000-0  55369-5 0  9994
2 43074  86.3975 213.6742 0002010 104.4668 255.6751 14.34218116110874
IRIDIUM 134             
1 43075U 17083F   20035.02053971  .00000039  00000-0  67795-5 0  9996
2 43075  86.3976 213.6626 0002057  82.1292 278.0138 14.34217385110834
IRIDIUM 137             
1 43076U 17083G   20035.03322151  .00000018  00000-0 -77587-6 0  9996
2 43076  86.3980 213.7080 0001953 101.9155 258.2259 14.34217718110909
IRIDIUM 141             
1 43077U 17083H   20035.02689233  .00000035  00000-0  54648-5 0  9993
2 43077  86.3973 213.6687 0002263  97.4122 262.7331 14.34217384110902
IRIDIUM 153             
1 43078U 17083J   20034.69999409  .00000089  00000-0  24880-4 0  9998
2 43078  86.4009 182.2605 0003127  96.6083 263.5469 14.34218574111962
IRIDIUM 131             
1 43079U 17083K   20034.73512338  .00000018  00000-0 -47917-6 0  9997
2 43079  86.3981 213.8209 0002182  87.5811 272.5635 14.34218398110799
IRIDIUM 144             
1 43249U 18030A   20035.05517209  .00000081  00000-0  21708-4 0  9994
2 43249  86.4006 182.1093 0001902  83.3227 276.8185 14.34217854 96897
IRIDIUM 149             
1 43250U 18030B   20035.06151307  .00000075  00000-0  19699-4 0  9999
2 43250  86.4005 182.0985 0001674  83.3852 276.7534 14.34218206 96896
IRIDIUM 157             
1 43251U 18030C   20034.94101994  .00000084  00000-0  22966-4 0  9994
2 43251  86.4007 182.1502 0002324 103.9756 256.1698 14.34219080 96850
IRIDIUM 140             
1 43252U 18030D   20035.09958823  .00000084  00000-0  22806-4 0  9996
2 43252  86.4007 182.0981 0001866  60.9807 299.1575 14.34217858 96931
IRIDIUM 145             
1 43253U 18030E   20034.94734522  .00000078  00000-0  20793-4 0  9994
2 43253  86.4007 182.1431 0000599  73.4401 286.6861 14.34218930 96845
IRIDIUM 146             
1 43254U 18030F   20034.92831924  .00000026  00000-0  22356-5 0  9998
2 43254  86.4007 182.1682 0001607  96.3605 263.7773 14.34215172 96859
IRIDIUM 148             
1 43255U 18030G   20035.03614858  .00000077  00000-0  20425-4 0  9997
2 43255  86.4008 182.1331 0001976 102.8140 257.3276 14.34216433 96913
IRIDIUM 142             
1 43256U 18030H   20034.93467550  .00000079  00000-0  21321-4 0  9999
2 43256  86.4004 182.1505 0001958  95.0966 265.0453 14.34218573 96855
IRIDIUM 150             
1 43257U 18030J   20035.11226279  .00000084  00000-0  22826-4 0  9999
2 43257  86.4008 182.1177 0001989  89.4574 270.6849 14.34218230 96920
IRIDIUM 143             
1 43258U 18030K   20035.02345677  .00000076  00000-0  20125-4 0  9995
2 43258  86.4011 182.1509 0001337  87.3647 272.7702 14.34218058 96850
IRIDIUM 161             
1 43478U 18047C   20035.08996564  .00000070  00000-0  14808-4 0  9995
2 43478  86.4523 340.1555 0002556  84.0412 276.1080 14.43283721 89776
IRIDIUM 152             
1 43479U 18047D   20035.13570588  .00000062  00000-0  14974-4 0  9991
2 43479  86.3997 340.0116 0001855  91.2040 268.9368 14.34219708 89245
IRIDIUM 147             
1 43480U 18047E   20035.14206027  .00000068  00000-0  17327-4 0  9999
2 43480  86.3999 339.9743 0002333  90.6915 269.4548 14.34218934 89233
IRIDIUM 110             
1 43481U 18047F   20034.38095479  .00000076  00000-0  20008-4 0  9991
2 43481  86.4000 340.3219 0002233  76.5566 283.5878 14.34218340 89117
IRIDIUM 162             
1 43482U 18047G   20034.94501190  .00000066  00000-0  13492-4 0  9994
2 43482  86.4521 340.1393 0002414  78.3680 281.7792 14.43282073 89743
IRIDIUM 160             
1 43569U 18061A   20035.16401663  .00000067  00000-0  16876-4 0  9995
2 43569  86.3987 308.3692 0002056  92.7794 267.3637 14.34218687 80121
IRIDIUM 166             
1 43570U 18061B   20035.04983924  .00000057  00000-0  13465-4 0  9999
2 43570  86.3986 308.3994 0001971  77.4450 282.6966 14.34216403 80131
IRIDIUM 158             
1 43571U 18061C   20035.01814041  .00000049  00000-0  10423-4 0  9992
2 43571  86.3986 308.4201 0001786  85.6720 274.4680 14.34218596 80103
IRIDIUM 165             
1 43572U 18061D   20034.76442303  .00000061  00000-0  14721-4 0  9991
2 43572  86.3987 308.5298 0001774  84.3355 275.8043 14.34219058 80088
IRIDIUM 155             
1 43573U 18061E   20035.00544968  .00000061  00000-0  14664-4 0  9996
2 43573  86.3983 308.4090 0002519  73.3260 286.8212 14.34217924 80096
IRIDIUM 154             
1 43574U 18061F   20035.05618857  .00000073  00000-0  19080-4 0  9991
2 43574  86.3987 308.4112 0002072  93.9230 266.2203 14.34219008 80148
IRIDIUM 163             
1 43575U 18061G   20034.75809609  .00000066  00000-0  16659-4 0  9996
2 43575  86.3984 308.5215 0001382  82.0567 278.0786 14.34218653 80070
IRIDIUM 156             
1 43576U 18061H   20035.01178127  .00000035  00000-0  54115-5 0  9997
2 43576  86.3986 308.4202 0001935  73.3426 286.7982 14.34216206 80097
IRIDIUM 164             
1 43577U 18061J   20034.99275335  .00000052  00000-0  11609-4 0  9992
2 43577  86.3985 308.4332 0001940  90.1244 270.0174 14.34216797 80142
IRIDIUM 159             
1 43578U 18061K   20035.03082282  .00000064  00000-0  15787-4 0  9990
2 43578  86.3985 308.4029 0002020  89.7875 270.3552 14.34218400 80113
IRIDIUM 180             
1 43922U 19002A   20035.10005596 -.00000017  00000-0 -13032-4 0  9991
2 43922  86.3953 245.1866 0001716 123.3224 236.8136 14.34218015 55772
IRIDIUM 176             
1 43923U 19002B   20034.84779986  .00000115  00000-0  14392-4 0  9990
2 43923  86.6087 245.3121 0002078  90.7832 269.3624 14.72256898 57121
IRIDIUM 168             
1 43924U 19002C   20035.09372635 -.00000011  00000-0 -10882-4 0  9996
2 43924  86.3955 245.2007 0001960  95.1627 264.9792 14.34218406 55716
IRIDIUM 173             
1 43925U 19002D   20035.01128592  .00000039  00000-0  66892-5 0  9991
2 43925  86.3950 245.2188 0001975  95.3610 264.7811 14.34218389 55699
IRIDIUM 169             
1 43926U 19002E   20034.16816573  .00000087  00000-0  21936-4 0  9992
2 43926  86.4217 277.1627 0007212  79.1040 281.0969 14.38607328 55815
IRIDIUM 172             
1 43927U 19002F   20035.07470632  .00000031  00000-0  39393-5 0  9992
2 43927  86.3950 245.1929 0001948  99.4526 260.6890 14.34218277 55704
IRIDIUM 175             
1 43928U 19002G   20034.97755539  .00000056  00000-0  49880-5 0  9992
2 43928  86.6071 245.1763 0002668  69.8593 290.2911 14.72248961 57130
IRIDIUM 171             
1 43929U 19002H   20035.12543882  .00000040  00000-0  72338-5 0  9994
2 43929  86.3960 245.2196 0002052  98.5115 261.6313 14.34218859 55702
IRIDIUM 170             
1 43930U 19002J   20035.12585562  .00000064  00000-0  62457-5 0  9994
2 43930  86.6087 245.2032 0002034  82.4318 277.7130 14.72249890 57172
IRIDIUM 167             
1 43931U 19002K   20035.04932562  .00000038  00000-0  66265-5 0  9994
2 43931  86.3951 245.2054 0001950 120.3686 239.7703 14.34219355 55690
