RADUGA 1 [-]            
1 08513U 75123A   20034.75604806 -.00000085  00000-0  00000-0 0  9994
2 08513   8.5856 300.1730 0003496 200.6178 341.9435  1.00247091171496
RADUGA 2 [-]            
1 09416U 76092A   20034.75734396  .00000037  00000-0  00000-0 0  9997
2 09416   9.2304 302.0160 0029490 335.6122 191.8518  1.00273301106027
RADUGA 3 [-]            
1 10159U 77071A   20034.69077317 -.00000335  00000-0  00000+0 0  9998
2 10159   9.8206 304.3429 0005735 226.3370 324.5174  1.00254889153733
RADUGA 4 [-]            
1 10987U 78073A   20034.89639812  .00000163  00000-0  00000+0 0  9994
2 10987  10.4027 307.4111 0012129 343.2816 206.5209  1.00241980 96273
RADUGA 5 [-]            
1 11343U 79035A   20035.00436275 -.00000102  00000-0  00000+0 0  9996
2 11343  10.8255 309.8281 0003726  92.8411 170.3683  1.00295833106005
RADUGA 6 [-]            
1 11708U 80016A   20034.06591671  .00000151  00000-0  00000+0 0  9992
2 11708  11.1395 312.5200 0001503 358.2211 248.8665  1.00293316 98824
RADUGA 7 [-]            
1 12003U 80081A   20033.58827212 -.00000010  00000-0  00000-0 0  9998
2 12003  11.2894 314.2627 0009210 269.2489   7.3769  1.00161761 99979
RADUGA 8 [-]            
1 12351U 81027A   20034.76301431 -.00000266  00000-0  00000-0 0  9999
2 12351  11.6080 314.9372 0081017 203.2536 342.1744  1.00413629 99208
RADUGA 9 [-]            
1 12618U 81069A   20034.89631090  .00000146  00000-0  00000+0 0  9997
2 12618  11.7751 317.4240 0004037  42.8302 136.1232  1.00311985105019
RADUGA 10 [-]           
1 12897U 81102A   20033.82512935 -.00000029  00000-0  00000-0 0  9994
2 12897  11.8439 318.2734 0002065 113.7125  66.0765  1.00291136 94013
RADUGA 11 [-]           
1 13669U 82113A   20034.76353772 -.00000047  00000-0  00000-0 0  9991
2 13669  13.6066 330.3976 0036570 235.2943 297.2675  0.97707556 98819
RADUGA 12 [-]           
1 13974U 83028A   20035.07217962 -.00000037  00000-0  00000+0 0  9999
2 13974  12.7595 327.1486 0004913  18.2697 244.2286  1.00252359146057
RADUGA 13 [-]           
1 14307U 83088A   20033.82608895  .00000003  00000-0  00000-0 0  9999
2 14307  13.8008 332.0271 0020438  13.5335 157.1830  0.98172234 96109
RADUGA 14 [-]           
1 14725U 84016A   20033.11424270 -.00000098  00000-0  00000+0 0  9994
2 14725  12.8701 330.5288 0003899  46.7901 230.6063  1.00299355 94743
RADUGA 15 [-]           
1 15057U 84063A   20033.71924368 -.00000340  00000-0  00000+0 0  9994
2 15057  12.9610 331.4853 0002885  70.7445 117.9748  1.00257977117763
RADUGA 16 [-]           
1 15946U 85070A   20033.26873690 -.00000288  00000-0  00000+0 0  9992
2 15946  13.2862 335.8637 0003431 352.9055 206.5499  1.00338544 98880
RADUGA 17 [-]           
1 16250U 85107A   20034.21886812 -.00000279  00000-0  00000-0 0  9999
2 16250  13.3649 337.1248 0007955 157.3670  33.0002  1.00164243128375
RADUGA 18 [-]           
1 16497U 86007A   20033.99321701 -.00000018  00000-0  00000+0 0  9997
2 16497  14.1056 339.6204 0070057 140.0318 101.2682  0.98810445122924
RADUGA 19 [-]           
1 17046U 86082A   20034.63093900 -.00000230  00000-0  00000+0 0  9996
2 17046  14.4008 343.2924 0008539 106.5589  59.6183  0.98462194120056
RADUGA 20 [-]           
1 17611U 87028A   20034.41294031 -.00000100  00000-0  00000+0 0  9995
2 17611  16.3151 346.8541 0025371 107.0807 120.7693  0.95961824115972
RADUGA 21 [-]           
1 18631U 87100A   20034.15472895 -.00000002  00000-0  00000+0 0  9997
2 18631  14.4274 344.6570 0003554  15.2317  65.7462  1.00356038117755
RADUGA 22 [-]           
1 19596U 88095A   20034.96987123  .00000110  00000-0  00000+0 0  9995
2 19596  14.2505 348.5734 0004109  53.1590 130.3230  1.00173792 98380
RADUGA 23 [-]           
1 19928U 89030A   20034.53672413  .00000133  00000-0  00000+0 0  9995
2 19928  14.3305 350.3084 0016113 134.4733 239.2847  1.00322023111525
RADUGA-1 1 [-]          
1 20083U 89048A   20034.09670782 -.00000099  00000-0  00000-0 0  9999
2 20083  14.9818 353.1412 0019476  79.0306  23.8515  0.98707734108319
RADUGA 24 [-]           
1 20367U 89098A   20034.82940743 -.00000229  00000-0  00000+0 0  9991
2 20367  14.8130 352.7262 0003527 343.2456 186.5789  1.00215813109711
RADUGA 25 [-]           
1 20499U 90016A   20034.16632803  .00000076  00000-0  00000-0 0  9991
2 20499  14.5605 353.2633 0002640   4.7544  22.4879  1.00270961109589
RADUGA 26 [-]           
1 21016U 90112A   20034.46806941  .00000079  00000-0  00000+0 0  9995
2 21016  14.7397 356.4335 0007711  27.1328 330.9805  1.00267904106926
RADUGA-1 2 [-]          
1 21038U 90116A   20033.94285535  .00000010  00000-0  00000-0 0  9991
2 21038  14.7746 356.5301 0007843  42.7607 136.5068  1.00220805 24010
RADUGA 27 [-]           
1 21132U 91014A   20034.05952270  .00000131  00000-0  00000+0 0  9997
2 21132  15.2995 356.4229 0005770   4.6345 182.3886  1.00326644105978
RADUGA 28 [-]           
1 21821U 91087A   20034.88399028 -.00000333  00000-0  00000+0 0  9994
2 21821  14.9147 359.7954 0005007  48.4879 149.1650  1.00212589103037
RADUGA 29 [-]           
1 22557U 93013A   20035.00592819 -.00000363  00000-0  00000+0 0  9993
2 22557  14.9427   3.9302 0005150  36.0292 206.7595  1.00355027 98374
RADUGA 30 [-]           
1 22836U 93062A   20034.91368708 -.00000160  00000-0  00000+0 0  9999
2 22836  14.8999   5.8130 0006641 318.8570 218.9944  1.00272889 96457
RADUGA-1 3 [-]          
1 22981U 94008A   20034.05839725 -.00000296  00000-0  00000-0 0  9999
2 22981  14.9287   6.9960 0004632 353.4758 249.9916  1.00303755 95159
RADUGA 31 [-]           
1 23010U 94012A   20034.03564056  .00000115  00000-0  00000-0 0  9997
2 23010  14.8961   6.9779 0005448  14.8317 167.8239  1.00281903 95026
RADUGA 32 [-]           
1 23448U 94087A   20033.97099868 -.00000152  00000-0  00000-0 0  9992
2 23448  14.7629   9.5974 0004207 250.3695 302.3824  1.00274385109618
RADUGA-1 4 [-]          
1 25642U 99010A   20034.01408840  .00000131  00000-0  00000+0 0  9996
2 25642  14.8154  21.5071 0004956 286.1167 224.9647  1.00271575 76640
RADUGA-1 5 [-]          
1 26477U 00049A   20035.14250293  .00000090  00000-0  00000+0 0  9993
2 26477  12.5872  25.0605 0006172 349.0551 222.9781  1.00227617 71177
RADUGA-1 6 [-]          
1 26936U 01045A   20035.07870313 -.00000045  00000-0  00000+0 0  9994
2 26936  12.4802  30.9429 0011652 152.8161  33.3135  0.97743456 65847
RADUGA-1 7 [-]          
1 28194U 04010A   20034.98042681 -.00000310  00000-0  00000+0 0  9990
2 28194  10.9543  38.0274 0003472 280.1298 270.6952  1.00183398 58083
RADUGA-1M 1 [-]         
1 32373U 07058A   20035.07810123  .00000068  00000-0  00000+0 0  9993
2 32373   5.0361  69.2821 0005087 276.9455 209.6760  0.99396340 45205
RADUGA-1 8 [-]          
1 34264U 09010A   20035.08005872  .00000104  00000-0  00000+0 0  9993
2 34264   7.5617  60.5503 0014414 326.6458 194.4975  0.99815964 39950
RADUGA-1M 2 [+]         
1 36358U 10002A   20035.04873258 -.00000175  00000-0  00000+0 0  9998
2 36358   0.0412 245.1025 0002569  95.3141 255.7890  1.00272423 36699
RADUGA-1M 3 [+]         
1 39375U 13062A   20035.11067013  .00000164  00000-0  10000-3 0  9993
2 39375   0.1149 103.6446 0004265 218.3483 246.8922  1.00269602 22816
