SCD 1                   
1 22490U 93009B   20035.01785361  .00000201  00000-0  50707-5 0  9996
2 22490  24.9693 140.2728 0043219  49.0631 111.3494 14.44568191424824
TECHSAT 1B (GO-32)      
1 25397U 98043D   20035.06970859 -.00000014  00000-0  13330-4 0  9994
2 25397  98.7151 337.6920 0002388  88.5081 271.6371 14.23678710120650
SCD 2                   
1 25504U 98060A   20035.21916720  .00000213  00000-0  92934-5 0  9995
2 25504  24.9969 348.2441 0017441  71.8644  61.0490 14.44085096124143
LANDSAT 7               
1 25682U 99020A   20035.16963739  .00000009  00000-0  11909-4 0  9990
2 25682  98.1009 101.6874 0001084  93.2805 266.8523 14.57165834106686
DLR-TUBSAT              
1 25757U 99029B   20035.07344711 -.00000033  00000-0  31135-5 0  9997
2 25757  98.4223 322.3271 0013340 235.9688 124.0240 14.51414736 95999
TERRA                   
1 25994U 99068A   20035.12768995  .00000067  00000-0  24893-4 0  9991
2 25994  98.2047 111.2526 0001683 104.5897 255.5486 14.57089553 70752
MAROC-TUBSAT            
1 27004U 01056D   20034.21541653 -.00000034  00000-0  11841-4 0  9998
2 27004  99.4936 169.4199 0019906   8.1089  60.4404 13.70138483907658
AQUA                    
1 27424U 02022A   20035.08971157  .00000073  00000-0  26245-4 0  9996
2 27424  98.2210 337.6227 0002736  60.3090 359.6129 14.57109163944356
IRS-P6 (RESOURCESAT-1)  
1 28051U 03046A   20035.05492733  .00000002  00000-0  15698-4 0  9997
2 28051  98.4976 114.0946 0059226  66.4168 294.3220 14.34163000847127
SHIYAN 1 (SY-1)         
1 28220U 04012A   20034.47310995  .00000009  00000-0  56594-5 0  9991
2 28220  97.8357   2.5801 0004856 342.9451  17.1608 14.99985389860497
FORMOSAT-2 (ROCSAT 2)   
1 28254U 04018A   20035.15725953 -.00000276  00000-0 -15772-3 0  9993
2 28254  98.7312  74.8654 0001951  42.1598  26.4409 14.00666226803269
AURA                    
1 28376U 04026A   20035.08392790  .00000082  00000-0  28241-4 0  9997
2 28376  98.2216 339.7776 0001322  72.9340 287.2004 14.57111970827401
IRS-P5 (CARTOSAT-1)     
1 28649U 05017A   20035.16374895  .00000022  00000-0  90530-5 0  9991
2 28649  97.8296 106.8131 0002312 127.5565 232.5859 14.83677503798609
SINAH 1                 
1 28893U 05043D   20034.60354366  .00000005  00000-0  10160-4 0  9991
2 28893  98.0016 169.1820 0015404  11.8210 348.3350 14.61522021760889
EROS B                  
1 29079U 06014A   20035.15494391  .00001684  00000-0  71478-4 0  9994
2 29079  97.4396 157.0152 0004248  59.1682  62.4547 15.24478901764801
RESURS-DK 1             
1 29228U 06021A   20033.80484934  .00000083  00000-0  13630-4 0  9998
2 29228  69.9352 173.3160 0007352 293.3748  66.6639 15.02505992752371
ARIRANG-2 (KOMPSAT-2)   
1 29268U 06031A   20035.13540382  .00000029  00000-0  14813-4 0  9995
2 29268  98.0061 285.6291 0016304 211.1193 148.9048 14.62255675721588
LAPAN-TUBSAT            
1 29709U 07001A   20035.09493272  .00000015  00000-0  84344-5 0  9995
2 29709  97.8421 357.2301 0012600 183.8517 176.2601 14.82205061706468
CARTOSAT-2 (IRS-P7)     
1 29710U 07001B   20035.10145922 -.00000030  00000-0  29013-5 0  9995
2 29710  97.9364  96.5032 0002346  84.2675 275.8808 14.78695339705343
HAIYANG-1B              
1 31113U 07010A   20035.09065714 -.00000029  00000-0  50727-5 0  9997
2 31113  98.4240  82.0170 0012815 247.3662 112.6166 14.30236599668952
COSMO-SKYMED 1          
1 31598U 07023A   20035.06437324 -.00000208  00000-0 -19594-4 0  9991
2 31598  97.8850 220.1662 0001522  91.4500 268.6898 14.82156828684924
TERRASAR-X              
1 31698U 07026A   20035.24951565 -.00001458  00000-0 -66265-4 0  9998
2 31698  97.4456  44.1757 0002006  90.1275 326.2691 15.19142408700926
WORLDVIEW-1 (WV-1)      
1 32060U 07041A   20034.08404874  .00000668  00000-0  30104-4 0  9999
2 32060  97.3844 155.7431 0001922  82.5903 277.5553 15.24444532688634
YAOGAN 3                
1 32289U 07055A   20035.12270524 -.00000211  00000-0 -20428-4 0  9990
2 32289  97.9990  50.3106 0001876  90.2884 269.8558 14.80995079661106
COSMO-SKYMED 2          
1 32376U 07059A   20035.09813373  .00000119  00000-0  21534-4 0  9996
2 32376  97.8853 220.2007 0001537  91.1344 269.0029 14.82155413657677
RADARSAT-2              
1 32382U 07061A   20035.13221249  .00000054  00000-0  37760-4 0  9992
2 32382  98.5775  43.6653 0001256  95.0497 342.4529 14.29985677633779
CARTOSAT-2A             
1 32783U 08021A   20035.14933328  .00000269  00000-0  43697-4 0  9997
2 32783  97.9428  97.0275 0014484  84.6051 275.6812 14.78663095635294
RAPIDEYE 2              
1 33312U 08040A   20035.29346271  .00001131  00000-0  12074-3 0  9991
2 33312  97.7153 102.8119 0014095  70.1953 290.0817 14.90686612617837
RAPIDEYE 5              
1 33313U 08040B   20035.31809477  .00011727  00000-0  11944-2 0  9993
2 33313  97.7164 101.8261 0020304 337.4723  22.5837 14.90713084617789
RAPIDEYE 1              
1 33314U 08040C   20035.24021050  .00019543  00000-0  19830-2 0  9995
2 33314  97.7260 102.7798 0023266  97.4867 262.9320 14.90693070617817
RAPIDEYE 3              
1 33315U 08040D   20035.34129080  .00005343  00000-0  54887-3 0  9994
2 33315  97.7193 101.7628 0016238  40.4605 319.7322 14.90684306617795
RAPIDEYE 4              
1 33316U 08040E   20034.92680257 -.00000672  00000-0 -62852-4 0  9990
2 33316  97.7231 101.3398 0013938 359.3783   0.5688 14.90674769617727
HUANJING 1A (HJ-1A)     
1 33320U 08041A   20035.06826122 -.00000110  00000-0 -84220-5 0  9996
2 33320  97.8078  91.5424 0026191 150.6573 209.6116 14.77065374614766
HUANJING 1B (HJ-1B)     
1 33321U 08041B   20035.07794583  .00000121  00000-0  24068-4 0  9996
2 33321  97.8153  93.6867 0035058 171.6240 188.5567 14.77195804614768
GEOEYE 1                
1 33331U 08042A   20035.12209035  .00000052  00000-0  18754-4 0  9995
2 33331  98.1177 111.3350 0010524 116.8852 243.3438 14.64373597609871
THEOS                   
1 33396U 08049A   20035.15809969  .00000179  00000-0  10500-3 0  9998
2 33396  98.7549 103.8140 0000990 113.6475 299.1298 14.20013562588005
COSMO-SKYMED 3          
1 33412U 08054A   20035.08121391  .00000247  00000-0  37578-4 0  9992
2 33412  97.8846 220.1837 0001425  97.0373 263.1008 14.82148283610133
YAOGAN 4                
1 33446U 08061A   20035.14042356  .00000064  00000-0  15973-4 0  9999
2 33446  97.7086 356.5125 0017441  58.7188 301.5729 14.77004172602008
GOSAT (IBUKI)           
1 33492U 09002A   20034.66315842  .00000067  00000-0  20172-4 0  9995
2 33492  98.0498 147.8758 0001519 104.8861 255.2512 14.67557352590387
YAOGAN 6                
1 34839U 09021A   20035.04664307  .00000419  00000-0  18316-4 0  9996
2 34839  97.0424  51.0473 0029159 137.4274 222.9234 15.26787416599306
DEIMOS-1                
1 35681U 09041A   20034.95231466 -.00000070  00000-0 -35997-5 0  9999
2 35681  97.8308 273.6495 0002886 110.1303 250.0216 14.71818327564608
DUBAISAT-1              
1 35682U 09041B   20035.06949744 -.00000015  00000-0  51812-5 0  9990
2 35682  97.7288 220.9911 0010639 322.9493  37.0976 14.68772806563399
OCEANSAT-2              
1 35931U 09051A   20035.16988814  .00000054  00000-0  24933-4 0  9995
2 35931  98.2979 132.1822 0002816  98.1047 262.0467 14.50848199548948
WORLDVIEW-2 (WV-2)      
1 35946U 09055A   20035.15762455 -.00000023  00000-0  67755-5 0  9992
2 35946  98.4133 111.2841 0002393  69.6450 290.5002 14.37660489541727
SMOS                    
1 36036U 09059A   20034.98387832  .00000053  00000-0  30888-4 0  9997
2 36036  98.4416 223.9350 0001232  86.7594 273.3735 14.39743136539012
YAOGAN 7                
1 36110U 09069A   20035.11146728  .00000189  00000-0  36091-4 0  9996
2 36110  98.2682 227.9774 0021832 280.5269  79.3376 14.75095025546697
TANDEM-X                
1 36605U 10030A   20035.04763310 -.00001789  00000-0 -82024-4 0  9995
2 36605  97.4466  43.9762 0002329  89.9851 303.0471 15.19144419533632
CARTOSAT-2B             
1 36795U 10035A   20035.11785130 -.00001622  00000-0 -21401-3 0  9999
2 36795  97.9404  96.5636 0014685 152.1446 208.0580 14.78659103516332
YAOGAN 10               
1 36834U 10038A   20035.03308115  .00000020  00000-0  93711-5 0  9995
2 36834  97.9745  38.9564 0001735  85.3788 274.7632 14.80953780512832
COSMO-SKYMED 4          
1 37216U 10060A   20035.04328096 -.00000429  00000-0 -47385-4 0  9996
2 37216  97.8848 220.1445 0001568  77.7240 282.4140 14.82149347500212
RESOURCESAT-2           
1 37387U 11015A   20035.13821576  .00000023  00000-0  30306-4 0  9990
2 37387  98.6936 112.1126 0005034  61.1549 299.0129 14.21637562456355
HAIYANG 2A              
1 37781U 11043A   20035.13718787 -.00000150  00000-0 -10443-3 0  9990
2 37781  99.3196  45.1040 0001101  69.4719 290.6586 13.78724403426533
RASAT                   
1 37791U 11044D   20035.07261788  .00000005  00000-0  10058-4 0  9999
2 37791  98.1135 129.8440 0021351 336.9139  23.1093 14.64751800452577
MEGHA-TROPIQUES         
1 37838U 11058A   20033.52359973  .00000295  00000-0  17719-4 0  9990
2 37838  19.9778 112.0435 0009401 149.2419 210.8537 14.09669345361533
SRMSAT                  
1 37841U 11058D   20034.40503779  .00000282  00000-0  95541-5 0  9993
2 37841  19.9727  83.2762 0011722 199.4403 268.7246 14.10648649429161
YAOGAN 13               
1 37941U 11072A   20035.21196825  .00000703  00000-0  37722-4 0  9994
2 37941  97.5457 331.0584 0002813 124.6663   3.0672 15.18218941453605
PLEIADES 1A             
1 38012U 11076F   20035.06871320 -.00000044  00000-0  42330-6 0  9993
2 38012  98.1765 111.4243 0001585 101.4675 258.6701 14.58562420433074
ZIYUAN 1-02C (ZY 1-02C) 
1 38038U 11079A   20035.07457851  .00000057  00000-0  35805-4 0  9994
2 38038  98.7111  86.7917 0006108 311.6353  48.4311 14.35275628425494
ZIYUAN 3 (ZY 3)         
1 38046U 12001A   20035.22573098  .00000530  00000-0  26754-4 0  9997
2 38046  97.4324 111.3229 0002305 324.6177 109.9047 15.21335256448213
ARIRANG-3 (KOMPSAT-3)   
1 38338U 12025B   20035.05843687  .00000049  00000-0  19180-4 0  9992
2 38338  98.1846 335.2411 0009340 193.8115 166.2836 14.61793980411697
KANOPUS-V 1             
1 38707U 12039A   20035.19780069  .00000140  00000-0  98855-5 0  9995
2 38707  97.4599 315.7844 0001626  87.6689  43.3065 15.19108241418120
EXACTVIEW-1 (ADS-1B)    
1 38709U 12039C   20035.05664888 -.00000006  00000-0  18040-4 0  9991
2 38709  99.1248  63.3272 0011584  23.9487 336.2243 14.24010108391723
SPOT 6                  
1 38755U 12047A   20035.22251574 -.00000046  00000-0  00000+0 0  9990
2 38755  98.1838 104.2263 0001670  96.3764 263.7645 14.58554548394170
PLEIADES 1B             
1 39019U 12068A   20035.10299347 -.00000046  00000-0 -16764-6 0  9996
2 39019  98.1752 111.4090 0001449  90.3627 269.7741 14.58560157381939
GOKTURK 2               
1 39030U 12073A   20035.05756273  .00000026  00000-0  11699-4 0  9991
2 39030  97.9673 285.4756 0000948 146.9145 213.2126 14.72735411382124
LANDSAT 8               
1 39084U 13008A   20035.08113103  .00000038  00000-0  18551-4 0  9998
2 39084  98.1990 106.8375 0001264  90.1928 269.9419 14.57119262371137
SARAL                   
1 39086U 13009A   20035.02447555 -.00000002  00000-0  15496-4 0  9993
2 39086  98.5398 222.6483 0000396  37.7691 322.3521 14.32019481362763
GAOFEN 1                
1 39150U 13018A   20035.14446935  .00000050  00000-0  14405-4 0  9990
2 39150  97.8808 115.3026 0018738 188.0606 172.0304 14.76550224365191
VNREDSAT 1              
1 39160U 13021B   20035.11912324  .00000033  00000-0  15619-4 0  9991
2 39160  98.1614 113.2880 0001343  81.5983 278.5372 14.62911808360247
ARIRANG-5 (KOMPSAT-5)   
1 39227U 13042A   20035.23924468  .00000019  00000-0  56591-5 0  9992
2 39227  97.6198 221.2067 0002360  84.9456 329.5199 15.04515222354346
YAOGAN 18               
1 39363U 13059A   20035.22106419  .00000405  00000-0  22821-4 0  9995
2 39363  97.2685  88.9699 0002992  81.1157 349.0944 15.18372265347273
SKYSAT-1                
1 39418U 13066C   20035.09929872  .00000510  00000-0  46970-4 0  9993
2 39418  97.6338 117.4875 0019493 291.7969  68.1180 14.98910263339153
DUBAISAT-2              
1 39419U 13066D   20035.10847063  .00000053  00000-0  10116-4 0  9992
2 39419  97.5623  94.3459 0012364 299.2245  60.7771 14.94074965338116
GPM-CORE                
1 39574U 14009C   20035.04333151  .00001482  00000-0  25445-4 0  9991
2 39574  65.0036 248.7297 0012051 290.1327  69.8523 15.56012297337141
SENTINEL-1A             
1 39634U 14016A   20035.04175786 -.00000099  00000-0 -11316-4 0  9991
2 39634  98.1818  43.9373 0001344  83.5654 276.5714 14.59198513310961
KAZEOSAT 1              
1 39731U 14024A   20035.05342173  .00000047  00000-0  27446-4 0  9997
2 39731  98.3331 111.4304 0001496  84.7226 275.4143 14.42047212303510
ALOS-2                  
1 39766U 14029A   20035.05704315  .00000144  00000-0  26131-4 0  9998
2 39766  97.9203 133.5932 0001504  92.5239 267.6141 14.79475135307822
KAZEOSAT 2              
1 40010U 14033A   20035.06464574  .00000043  00000-0  11933-4 0  9990
2 40010  97.8199 294.1633 0017077  26.7808 333.4280 14.82095048304417
HODOYOSHI-4             
1 40011U 14033B   20035.03037168  .00000102  00000-0  19791-4 0  9999
2 40011  97.7924 287.0757 0027547  23.0760 337.1685 14.81163181304122
DEIMOS-2                
1 40013U 14033D   20035.10712634  .00000125  00000-0  21092-4 0  9999
2 40013  97.8277 300.1391 0002588  75.1647 284.9872 14.84615619304934
HODOYOSHI-3             
1 40015U 14033F   20034.92553138  .00000034  00000-0  11597-4 0  9990
2 40015  97.7575 275.3810 0037972  38.6357 321.7560 14.78574067303580
SPOT 7                  
1 40053U 14034A   20035.11947862 -.00000044  00000-0  37686-6 0  9997
2 40053  98.2002 104.1206 0001127  86.8264 273.3065 14.58545642298092
SKYSAT-2                
1 40072U 14037D   20035.00943537  .00000101  00000-0  20555-4 0  9992
2 40072  98.4486 205.9370 0006052 195.4079 164.6948 14.81248673301341
WORLDVIEW-3 (WV-3)      
1 40115U 14048A   20035.07800923  .00000120  00000-0  20152-4 0  9994
2 40115  97.7917 114.0504 0002300  73.4248 286.7210 14.85096285296855
GAOFEN 2                
1 40118U 14049A   20035.10981424  .00000024  00000-0  97894-5 0  9999
2 40118  97.8526 115.3472 0006288 242.0824 117.9756 14.80642461295190
YAOGAN 21               
1 40143U 14053A   20035.21804579  .00000734  00000-0  33623-4 0  9996
2 40143  97.4571 102.9695 0017345  26.3208  50.3600 15.23547870300964
YAOGAN 22               
1 40275U 14063A   20035.18057404 -.00000045  00000-0  00000+0 0  9990
2 40275 100.4846 150.3128 0006611  53.2114 306.9608 13.15420091254114
ASNARO                  
1 40298U 14070A   20035.21467628  .00000933  00000-0  46989-4 0  9996
2 40298  97.4273 119.6439 0002127  83.7661 355.0525 15.19598861290956
HODOYOSHI-1             
1 40299U 14070B   20035.24467939  .00000595  00000-0  27550-4 0  9992
2 40299  97.3343 115.0376 0011660 313.5754 111.4540 15.23858167291374
QSAT-EOS                
1 40301U 14070D   20035.22298606  .00001535  00000-0  61104-4 0  9995
2 40301  97.3064 112.6819 0023833 306.0735 115.8989 15.26539538291459
YAOGAN 23               
1 40305U 14071A   20035.20789356  .00000644  00000-0  35009-4 0  9990
2 40305  97.5135 335.5745 0000941 114.6135  20.0215 15.18006352289360
YAOGAN 24               
1 40310U 14072A   20035.05625414  .00000044  00000-0  13611-4 0  9993
2 40310  97.8809 160.2298 0016828 194.4949 165.5781 14.76327100280705
CBERS 4                 
1 40336U 14079A   20035.13340319 -.00000004  00000-0  13857-4 0  9994
2 40336  98.5785 107.7249 0001798 108.9264 251.2120 14.35403663270417
RESURS P2               
1 40360U 14087A   20035.21757912  .00000623  00000-0  21644-4 0  9999
2 40360  97.2500 126.6311 0007814 314.0779 127.0110 15.33382649285741
YAOGAN 26               
1 40362U 14088A   20035.18189339  .00000816  00000-0  36931-4 0  9999
2 40362  97.2644 107.5689 0007576 244.4809 194.9103 15.23605465284425
SMAP                    
1 40376U 15003A   20035.02894792  .00000012  00000-0  11311-4 0  9994
2 40376  98.1237  43.5361 0002017  72.3342 287.8088 14.63368803267564
KOMPSAT-3A              
1 40536U 15014A   20035.23797759  .00000738  00000-0  46621-4 0  9999
2 40536  97.5758 336.3243 0007762 240.0084 250.2765 15.12115378268439
SENTINEL-2A             
1 40697U 15028A   20035.13748787  .00000010  00000-0  20441-4 0  9993
2 40697  98.5639 111.2696 0001314  89.0194 271.1138 14.30820661241252
GAOFEN 8                
1 40701U 15030A   20035.21908611  .00000927  00000-0  41783-4 0  9994
2 40701  97.4556 158.4361 0008421 258.9435 193.7995 15.23521549256800
CARBONITE 1 (CBNT-1)    
1 40718U 15032D   20035.18992651  .00000118  00000-0  25063-4 0  9992
2 40718  97.8566 280.2506 0015502 286.9306  73.0207 14.74770947246026
YAOGAN 27               
1 40878U 15040A   20035.11774263 -.00000043  00000-0  11993-5 0  9994
2 40878 100.2554  87.7180 0008780 167.5401 192.5932 13.15964125213345
GAOFEN 9                
1 40894U 15047A   20035.09580226  .00000023  00000-0  10678-4 0  9995
2 40894  97.9003 117.4390 0034687 120.4977 239.9658 14.76284691236650
LAPAN-A2                
1 40931U 15052B   20032.17104352  .00000574  00000-0 -90566-5 0  9998
2 40931   5.9945 234.3432 0012528 134.3905 225.7744 14.76623900234935
YAOGAN 28               
1 41026U 15064A   20035.23303336  .00000647  00000-0  30047-4 0  9997
2 41026  97.4340 168.0696 0001898 144.5804 332.0398 15.23502540236657
YAOGAN 29               
1 41038U 15069A   20035.07295183  .00000025  00000-0  10171-4 0  9993
2 41038  97.9997  23.3559 0001489  43.1761 316.9570 14.80434302226391
KENT RIDGE 1            
1 41167U 15077B   20035.23346721  .00000802  00000-0  88488-5 0  9998
2 41167  14.9803  21.0968 0011667 317.1336 152.1701 15.09110655228470
TELEOS 1                
1 41169U 15077D   20035.03245071  .00001341  00000-0  39861-4 0  9993
2 41169  14.9813   9.2245 0010671 334.3823  79.5820 15.10430113228565
GAOFEN 4                
1 41194U 15083A   20034.89035705 -.00000326  00000-0  00000-0 0  9994
2 41194   0.1137 102.0856 0002449 119.1554 338.4684  1.00268754 15173
JASON-3                 
1 41240U 16002A   20034.98393228 -.00000051  00000-0  42751-4 0  9993
2 41240  66.0407 284.4499 0007721 272.7677  87.2454 12.80930225189337
SENTINEL-3A             
1 41335U 16011A   20035.13059881 -.00000023  00000-0  84402-5 0  9999
2 41335  98.6258 103.7946 0001008 113.4886 246.6401 14.26736956206523
SENTINEL-1B             
1 41456U 16025A   20035.00698826 -.00000092  00000-0 -98921-5 0  9990
2 41456  98.1815  43.7287 0001355  86.9199 273.2159 14.59198519201128
ZIYUAN 3-2 (ZY 3-2)     
1 41556U 16033A   20035.19961581  .00000614  00000-0  30404-4 0  9990
2 41556  97.3772 113.1471 0004529 110.4302 328.0528 15.21389970204501
NUSAT-1 (FRESCO)        
1 41557U 16033B   20035.18444311  .00001103  00000-0  43420-4 0  9993
2 41557  97.4081 126.3072 0013174 196.6282 163.4527 15.27704229205277
NUSAT-2 (BATATA)        
1 41558U 16033C   20035.19152277  .00001259  00000-0  46410-4 0  9996
2 41558  97.4121 128.1314 0012248 194.5827 165.5061 15.29650750205362
CARTOSAT-2C             
1 41599U 16040A   20035.20668498  .00000427  00000-0  23509-4 0  9998
2 41599  97.4690  96.3867 0012511 324.3385 113.5118 15.19261540200716
SKYSAT-C1               
1 41601U 16040C   20035.08398038  .00000474  00000-0  22655-4 0  9991
2 41601  97.3740 115.1900 0002171  88.4818 316.1132 15.23706396201146
LAPAN-A3                
1 41603U 16040E   20035.22161405  .00000079  00000-0  68312-5 0  9997
2 41603  97.3300  92.8196 0012063 318.8343 111.9225 15.19792066200756
BIROS                   
1 41604U 16040F   20035.06356617  .00000347  00000-0  18242-4 0  9995
2 41604  97.3349  96.0641 0010858 301.2325  58.7847 15.21906010200934
GAOFEN 3                
1 41727U 16049A   20035.08724320 -.00000028  00000-0  48302-5 0  9990
2 41727  98.4134  44.5678 0001610  63.9000 296.2357 14.42214725183505
SKYSAT-C4               
1 41771U 16058B   20035.03213657  .00000411  00000-0  20078-4 0  9994
2 41771  97.3760 107.6634 0001843  82.2865 277.8582 15.23606704188075
SKYSAT-C5               
1 41772U 16058C   20035.19390007 -.00000912  00000-0 -35171-4 0  9995
2 41772  97.3747 107.3306 0001889  83.1024 353.9790 15.23676788188099
SKYSAT-C2               
1 41773U 16058D   20035.14162358  .00000416  00000-0  20291-4 0  9991
2 41773  97.3783 107.9874 0001516  97.2186 262.9223 15.23614614188098
SKYSAT-C3               
1 41774U 16058E   20034.16885020  .00000437  00000-0  21107-4 0  9991
2 41774  97.3795 107.0687 0002249  80.2309 279.9182 15.23707916187941
ALSAT 1B                
1 41785U 16059C   20035.11976809 -.00000023  00000-0  48213-5 0  9996
2 41785  98.0338  94.6552 0031720  18.9719 341.2661 14.63350762179251
PATHFINDER 1            
1 41787U 16059E   20035.06274565  .00000032  00000-0  15188-4 0  9995
2 41787  98.0386  95.4934 0030925  17.1719 343.0536 14.63710330179281
SCATSAT 1               
1 41790U 16059H   20035.05730316  .00000003  00000-0  11658-4 0  9995
2 41790  98.1802  79.2130 0005530 350.3371   9.7719 14.50899574177738
WORLDVIEW-4 (WV-4)      
1 41848U 16067A   20034.87541270  .00000292  00000-0  95400-5 0  9994
2 41848  97.8462 133.1674 0010605 197.6275 162.4706 15.40464756176111
GOKTURK 1A              
1 41875U 16073A   20035.05914479  .00000033  00000-0  15588-4 0  9998
2 41875  98.1123 290.9338 0001456  79.6620 280.4750 14.62807315168919
RESOURCESAT-2A          
1 41877U 16074A   20035.15830047 -.00000010  00000-0  15226-4 0  9995
2 41877  98.6092 107.7480 0001699  86.5547 273.5832 14.21675811163961
CARTOSAT-2D             
1 41948U 17008A   20034.89366356  .00000202  00000-0  12718-4 0  9994
2 41948  97.3651  95.0328 0009457  99.5590 260.6780 15.19277821164539
SENTINEL-2B             
1 42063U 17013A   20035.10254139 -.00000577  00000-0 -20341-3 0  9996
2 42063  98.5685 111.2345 0001165  88.4898 271.6416 14.30811162152162
ZHUHAI-1 02 (CAS 4B)    
1 42759U 17034B   20035.18511442  .00000080  00000-0  18360-4 0  9998
2 42759  43.0191  44.7187 0012837 266.7452 183.9556 15.09732743145672
NUSAT-3 (MILANESAT)     
1 42760U 17034C   20035.19533818  .00000224  00000-0  26867-4 0  9993
2 42760  43.0180  43.8278 0011496 282.9583 171.3310 15.10199503145692
ZHUHAI-1 01 (CAS 4A)    
1 42761U 17034D   20035.20399067  .00000225  00000-0  27168-4 0  9998
2 42761  43.0197  44.0010 0013249 267.5761 191.0107 15.09811992145675
CARTOSAT-2E             
1 42767U 17036C   20035.10971922  .00000267  00000-0  15874-4 0  9998
2 42767  97.4431  95.9915 0009318 138.5068 221.6888 15.19239925145131
FORMOSAT-5              
1 42920U 17049A   20035.23496709 -.00000036  00000-0  22045-5 0  9996
2 42920  98.3114 115.9535 0011195  28.5540 331.6280 14.50868886129554
SENTINEL-5P             
1 42969U 17064A   20035.12019642 -.00000026  00000-0  85767-5 0  9990
2 42969  98.7234 336.1577 0001109  82.6565 277.4737 14.19548862119691
SKYSAT-C11              
1 42987U 17068A   20035.05676267  .00000663  00000-0  27414-4 0  9998
2 42987  97.3840 151.2046 0008123 135.3556 224.8338 15.27413649125442
SKYSAT-C10              
1 42988U 17068B   20035.01745615  .00000818  00000-0  29227-4 0  9995
2 42988  97.3322 151.0194 0008325  13.4007 346.7455 15.31681149125442
SKYSAT-C9               
1 42989U 17068C   20035.02568560  .00001290  00000-0  36759-4 0  9992
2 42989  97.2185 150.7597 0003657  82.9339 277.2322 15.37895271125635
SKYSAT-C8               
1 42990U 17068D   20035.07332806  .00001159  00000-0  34749-4 0  9992
2 42990  97.2756 151.4697 0005353  74.4540 285.7295 15.36513838125475
SKYSAT-C7               
1 42991U 17068E   20035.06037519  .00001138  00000-0  34682-4 0  9998
2 42991  97.2786 151.4510 0002316 129.0152 231.1298 15.36027499125476
SKYSAT-C6               
1 42992U 17068F   20034.47410317  .00001208  00000-0  35831-4 0  9999
2 42992  97.2706 151.0737 0006190  34.7370 325.4278 15.36759293125394
CARTOSAT-2F             
1 43111U 18004A   20035.16095883  .00000414  00000-0  22820-4 0  9990
2 43111  97.4050  97.6629 0005105 147.0710 290.8531 15.19258302114322
MICROSAT-TD             
1 43128U 18004T   20035.09569218  .00016973  00000-0  11693-3 0  9990
2 43128  96.7756  90.4921 0007063 330.4698  29.6169 15.74641025118204
NUSAT-4 (ADA)           
1 43195U 18015D   20035.04322764  .00001199  00000-0  51997-4 0  9990
2 43195  97.4201 164.8727 0016822 205.3276 274.9881 15.24221634111413
NUSAT-5 (MARYAM)        
1 43204U 18015K   20035.18144999  .00001267  00000-0  54436-4 0  9995
2 43204  97.4210 165.1692 0016282 207.1079 274.9264 15.24426459111046
GAOFEN 1-02             
1 43259U 18031A   20035.12923388  .00000033  00000-0  12103-4 0  9999
2 43259  97.9771 115.2537 0003002 259.0243 101.0639 14.76440968 99602
GAOFEN 1-03             
1 43260U 18031B   20035.10665660  .00000033  00000-0  11994-4 0  9992
2 43260  97.9769 115.2473 0004958 356.2062   3.9118 14.76442666 99597
GAOFEN 1-04             
1 43262U 18031D   20035.15171153  .00000057  00000-0  15511-4 0  9993
2 43262  97.9775 115.2491 0002529 279.5004  80.5923 14.76449268 99591
SENTINEL-3B             
1 43437U 18039A   20035.03296763 -.00000025  00000-0  78528-5 0  9991
2 43437  98.6187 103.6138 0000902 123.8899 236.2367 14.26739900 92578
GAOFEN 5                
1 43461U 18043A   20035.08902777  .00000006  00000-0  11351-4 0  9995
2 43461  98.1865 334.2784 0003182  90.0656 270.0914 14.57754765 92722
GAOFEN 6                
1 43484U 18048A   20035.11360830  .00000017  00000-0  98471-5 0  9998
2 43484  97.9986 116.3489 0011080 106.6544 253.5893 14.76473869 90291
GAOFEN 11               
1 43585U 18063A   20035.23729406  .00000614  00000-0  28590-4 0  9995
2 43585  97.3950 116.9238 0016253 333.9061  87.0992 15.23564992 84803
AEOLUS                  
1 43600U 18066A   20034.55057671  .00022927  00000-0  90327-4 0  9996
2 43600  96.7203  42.9568 0004726  89.0394  29.0336 15.86851125 83970
ICESAT-2                
1 43613U 18070A   20034.99897340  .00000396  00000-0  14168-4 0  9993
2 43613  92.0019  25.1537 0003274  96.3441 263.8181 15.28283682 77352
HYSIS                   
1 43719U 18096A   20035.09368807  .00000069  00000-0  16482-4 0  9999
2 43719  97.9209 104.5644 0009294 307.6786  52.3588 14.78709444 63814
KAZSTSAT                
1 43783U 18099AB  20035.46449668 -.00000268  00000-0 -20051-4 0  9999
2 43783  97.7343 109.0598 0007027 269.1920  90.8481 14.93583746 63837
SAUDISAT 5A             
1 43831U 18102A   20035.47196591 -.00000063  00000-0  00000+0 0  9992
2 43831  97.5838 113.3774 0012588 253.8639 200.5621 15.07989882 63942
SAUDISAT 5B             
1 43833U 18102C   20035.08766502  .00000314  00000-0  24227-4 0  9996
2 43833  97.5849 113.2749 0013616 263.9004 212.6263 15.08430760 63895
GAOFEN 10R              
1 44622U 19066A   20035.14446882  .00000096  00000-0  19067-4 0  9999
2 44622  97.8034 342.0391 0000950  89.7230 270.4097 14.80524838 18108
CARTOSAT-3              
1 44804U 19081A   20035.46282705  .00000263  00000-0  15960-4 0  9999
2 44804  97.5155  97.1504 0015463   2.9577  58.4745 15.18746355 10468
GAOFEN 12               
1 44819U 19082A   20035.03214507  .00000022  00000-0  97521-5 0  9991
2 44819  97.9245  58.8678 0002078  83.3548 276.7911 14.80194889 10066
