SARSAT 7 (NOAA 15)      
1 25338U 98030A   20035.06250514  .00000026  00000-0  29749-4 0  9997
2 25338  98.7305  60.7059 0009459 295.8753  64.1451 14.25949797130077
METEOSAT-8 (MSG-1)      
1 27509U 02040B   20032.24036990  .00000143  00000-0  00000+0 0  9996
2 27509   6.4856  54.6778 0000973 243.7563 320.3067  1.00273032 63907
GPS BIIR-08             
1 27663U 03005A   20033.47896666 -.00000044  00000-0  00000-0 0  9991
2 27663  56.1526 307.3151 0112389  33.3388 145.0415  2.00559853124647
GPS BIIR-11             
1 28190U 04009A   20032.18691421 -.00000065  00000-0  00000-0 0  9994
2 28190  56.2836   8.1444 0089209  89.0016  28.9401  2.00564573116290
GPS BIIR-12             
1 28361U 04023A   20033.39916694  .00000064  00000-0  00000-0 0  9994
2 28361  54.0578 180.9533 0135965 234.4190 309.2731  2.00563057114371
GPS BIIR-13             
1 28474U 04045A   20034.39806514 -.00000033  00000-0  00000+0 0  9999
2 28474  54.8800  58.3603 0199772 264.6079 286.7756  2.00569095111770
SARSAT 10 (NOAA 18)     
1 28654U 05018A   20035.14209115  .00000076  00000-0  66113-4 0  9996
2 28654  99.0648  90.1926 0013471 247.5569 112.4176 14.12486073758046
GPS BIIR-14M            
1 28874U 05038A   20034.23637057 -.00000061  00000-0  00000+0 0  9994
2 28874  56.3936   5.4393 0136516 265.0949 273.2094  2.00567576105173
METEOSAT-9 (MSG-2)      
1 28912U 05049B   20035.07567859  .00000028  00000-0  00000+0 0  9996
2 28912   4.1407  70.6390 0000700 350.0009 104.0103  1.00279729 51764
GOES 13                 
1 29155U 06018A   20034.83158178 -.00000023  00000-0  00000-0 0  9993
2 29155   0.3613  93.6441 0008694 178.9864 236.1379  0.99971289 20056
SARSAT 11 (METOP-A)     
1 29499U 06044A   20035.09034251 -.00000002  00000-0  18328-4 0  9990
2 29499  98.5438  86.3502 0000564  84.4332 107.4823 14.21494963689792
GPS BIIR-16M            
1 29601U 06052A   20034.04396459 -.00000039  00000-0  00000-0 0  9993
2 29601  56.1367 306.2112 0077100  62.4599 298.3625  2.00554449 96758
GPS BIIR-17M            
1 32260U 07047A   20033.35495706  .00000055  00000-0  00000-0 0  9998
2 32260  53.1813 176.4291 0119912  48.7347 312.2643  2.00567961 90187
GPS BIIR-18M            
1 32384U 07062A   20034.39578562 -.00000060  00000-0  00000+0 0  9995
2 32384  56.4853   6.0954 0008462 115.9078  44.9277  2.00569000 88920
SARSAT 12 (NOAA 19)     
1 33591U 09005A   20034.99526098  .00000047  00000-0  51039-4 0  9995
2 33591  99.1940  36.8521 0014942  92.7139 267.5742 14.12394290566422
GOES 14                 
1 35491U 09033A   20034.29316119 -.00000085  00000-0  00000+0 0  9991
2 35491   0.0161  63.6976 0010841 172.2983 258.2885  1.00272589 38839
GOES 15                 
1 36411U 10008A   20034.93443302  .00000062  00000-0  00000+0 0  9998
2 36411   0.0560 260.7344 0000836 229.2689 211.7919  1.00279723 36357
GLONASS-K 1             
1 37372U 11009A   20034.60138221 -.00000010  00000-0  00000+0 0  9996
2 37372  65.8221  32.2758 0010504 237.6835 337.4545  2.13107462 69539
GPS BIIF-2              
1 37753U 11036A   20032.47320285 -.00000042  00000-0  00000-0 0  9991
2 37753  56.0794  62.6725 0091696  42.1203 322.2209  2.00568336 62594
GSAT0101 (GALILEO-PFM)  
1 37846U 11060A   20034.62440899 -.00000033  00000-0  00000+0 0  9993
2 37846  56.5418  44.9919 0004481 314.4624  45.5470  1.70475552 51609
GSAT0102 (GALILEO-FM2)  
1 37847U 11060B   20034.26160479 -.00000035  00000-0  00000+0 0  9999
2 37847  56.5419  45.0012 0006253 302.2522 241.1427  1.70475616 51593
LUCH 5A                 
1 37951U 11074B   20035.06630037 -.00000041  00000-0  00000+0 0  9998
2 37951   2.9653 119.4609 0002176 216.4747 348.4446  1.00271890 29876
METEOSAT-10 (MSG-3)     
1 38552U 12035B   20034.96193275  .00000073  00000-0  00000+0 0  9994
2 38552   1.0106 358.8501 0000733 281.2352 209.3012  1.00272080 27904
SARSAT 13 (METOP-B)     
1 38771U 12049A   20035.04711351 -.00000016  00000-0  12712-4 0  9999
2 38771  98.7121  96.2804 0001784  68.1716 355.1347 14.21484897382924
GPS BIIF-3              
1 38833U 12053A   20033.45639523  .00000086  00000-0  00000+0 0  9994
2 38833  53.6920 238.9322 0093572  36.4064 324.2720  2.00564405 53666
GSAT0103 (GALILEO-FM3)  
1 38857U 12055A   20033.49333953  .00000037  00000-0  00000+0 0  9990
2 38857  54.9601 165.5245 0002018 247.3007 112.6429  1.70473730 45499
GSAT0104 (GALILEO-FM4)  
1 38858U 12055B   20033.42765658  .00000038  00000-0  00000-0 0  9997
2 38858  54.9608 165.5254 0000782 243.8624 116.0945  1.70473669 45491
GPS BIIF-4              
1 39166U 13023A   20032.31529737 -.00000068  00000-0  00000-0 0  9993
2 39166  56.0636   2.2103 0076747  27.1718 333.2306  2.00565809 49196
INSAT-3D                
1 39216U 13038B   20035.04820917 -.00000148  00000-0  00000+0 0  9990
2 39216   0.0236 293.0917 0001069  36.9246 263.0860  1.00272014 23985
GPS BIIF-5              
1 39533U 14008A   20034.31374972  .00000087  00000-0  00000+0 0  9995
2 39533  53.8124 244.3181 0042754 194.7971 165.1308  2.00560821 43589
LUCH 5V                 
1 39727U 14023A   20034.83533294 -.00000258  00000-0  00000-0 0  9990
2 39727   0.7557 315.6753 0002899  43.2921 169.8721  1.00268121539207
GPS BIIF-6              
1 39741U 14026A   20033.59370457 -.00000035  00000-0  00000+0 0  9993
2 39741  56.0565  62.1552 0020812 291.4015  68.4365  2.00555734 41850
GPS BIIF-7              
1 40105U 14045A   20034.17552110  .00000063  00000-0  00000+0 0  9993
2 40105  54.5840 181.3519 0015431 102.8094 257.3383  2.00549068 40317
GSAT0201 (GALILEO 5)    
1 40128U 14050A   20034.11024415 -.00000084  00000-0  00000+0 0  9994
2 40128  50.5814   6.7716 1662657  94.9446 284.1863  1.85519298 37107
GSAT0202 (GALILEO 6)    
1 40129U 14050B   20033.29650029 -.00000087  00000-0  00000+0 0  9992
2 40129  50.6211   5.8358 1661104  95.7518 283.3678  1.85519993 37283
GPS BIIF-8              
1 40294U 14068A   20032.55869985 -.00000022  00000-0  00000+0 0  9994
2 40294  55.2762 122.3265 0024656  38.7511 321.4539  2.00569361 38502
GLONASS-K 2             
1 40315U 14075A   20034.12527405  .00000047  00000-0  00000-0 0  9996
2 40315  63.9431 271.5683 0015123 207.8457 100.1538  2.13098471 40285
GPS BIIF-9              
1 40534U 15013A   20034.69115572 -.00000025  00000-0  00000+0 0  9998
2 40534  54.3305 300.4168 0045719   7.8919 352.2291  2.00555500 35611
GSAT0203 (GALILEO 7)    
1 40544U 15017A   20032.05832215 -.00000044  00000-0  00000-0 0  9993
2 40544  56.3325  45.2157 0005661 263.9411  96.0364  1.70475173 29511
GSAT0204 (GALILEO 8)    
1 40545U 15017B   20033.01308144 -.00000040  00000-0  00000+0 0  9995
2 40545  56.3391  45.2046 0003361 250.3817 109.6255  1.70475416 30193
GPS BIIF-10             
1 40730U 15033A   20033.84951975 -.00000066  00000-0  00000-0 0  9995
2 40730  55.5830   1.3842 0051757 346.6686  13.1984  2.00570115 33355
METEOSAT-11 (MSG-4)     
1 40732U 15034A   20034.96027528  .00000016  00000-0  00000+0 0  9993
2 40732   0.5923 234.1566 0000829 151.1753  94.9185  1.00283240 16728
GSAT0205 (GALILEO 9)    
1 40889U 15045A   20033.84321409  .00000004  00000-0  00000-0 0  9997
2 40889  56.2592 285.8331 0005194  14.9827 345.0993  1.70474678 27354
GSAT0206 (GALILEO 10)   
1 40890U 15045B   20034.64941115  .00000008  00000-0  00000+0 0  9993
2 40890  56.2574 285.8074 0003482  10.2787 349.7968  1.70474773 27395
GPS BIIF-11             
1 41019U 15062A   20033.90021232 -.00000025  00000-0  00000+0 0  9993
2 41019  55.2754 122.0953 0054678 208.3576 151.3713  2.00564496 31177
ELEKTRO-L 2             
1 41105U 15074A   20035.21507502 -.00000089  00000-0  00000+0 0  9997
2 41105   0.8815  99.6500 0001110 248.8436 298.7340  1.00270989 15209
GSAT0209 (GALILEO 12)   
1 41174U 15079A   20033.06152142  .00000037  00000-0  00000-0 0  9998
2 41174  54.9744 165.2329 0003285 320.8375  39.1041  1.70473685 25271
GSAT0208 (GALILEO 11)   
1 41175U 15079B   20034.45447386  .00000035  00000-0  00000+0 0  9997
2 41175  54.9721 165.1941 0002501 325.6958  34.2510  1.70473773 25710
GPS BIIF-12             
1 41328U 16007A   20032.99330061  .00000068  00000-0  00000+0 0  9993
2 41328  54.8218 181.8495 0036450 217.7032 142.0173  2.00562970 29217
GSAT0211 (GALILEO 14)   
1 41549U 16030A   20033.40362652  .00000003  00000-0  00000-0 0  9992
2 41549  56.4002 285.6843 0003824 337.2487  22.8007  1.70474458 23003
GSAT0210 (GALILEO 13)   
1 41550U 16030B   20034.86980442  .00000010  00000-0  00000+0 0  9995
2 41550  56.3988 285.6457 0002441 313.6009  46.4481  1.70474489 23002
INSAT-3DR               
1 41752U 16054A   20034.47234396 -.00000068  00000-0  00000+0 0  9996
2 41752   0.0414  99.2817 0013177 178.5838  99.2890  1.00271949 12480
GSAT0207 (GALILEO 15)   
1 41859U 16069A   20034.52768728  .00000035  00000-0  00000+0 0  9990
2 41859  54.6321 165.5889 0002935 301.7992  58.1347  1.70473642 19981
GSAT0212 (GALILEO 16)   
1 41860U 16069B   20034.96771948  .00000034  00000-0  00000+0 0  9997
2 41860  54.6305 165.5759 0002389 339.8160  20.1356  1.70473730 20016
GSAT0213 (GALILEO 17)   
1 41861U 16069C   20034.74704032  .00000035  00000-0  00000+0 0  9995
2 41861  54.6325 165.5856 0002124 265.3531  94.5845  1.70473751 20010
GSAT0214 (GALILEO 18)   
1 41862U 16069D   20033.72087737  .00000037  00000-0  00000-0 0  9992
2 41862  54.6309 165.6099 0001309 274.5990  85.3504  1.70473863 19986
GOES 16                 
1 41866U 16071A   20034.58609971 -.00000240  00000-0  00000+0 0  9990
2 41866   0.0449  93.5802 0000600 240.1653 295.2601  1.00271923 11785
GSAT-17                 
1 42815U 17040B   20035.05047729 -.00000250  00000-0  00000+0 0  9993
2 42815   0.1226 276.3721 0005407 349.0353 339.9598  1.00273178  9558
GSAT0215 (GALILEO 19)   
1 43055U 17079A   20034.79692185  .00000010  00000-0  00000+0 0  9997
2 43055  56.3733 285.4920 0001734 318.8231  41.2330  1.70473681 13348
GSAT0216 (GALILEO 20)   
1 43056U 17079B   20033.33001273  .00000002  00000-0  00000+0 0  9990
2 43056  56.3752 285.5318 0003405 294.3863  65.6446  1.70473825 13302
GSAT0217 (GALILEO 21)   
1 43057U 17079C   20034.72321986  .00000009  00000-0  00000+0 0  9998
2 43057  56.3722 285.4943 0003347 312.0487  47.9918  1.70473728 13341
GSAT0218 (GALILEO 22)   
1 43058U 17079D   20034.94319237  .00000011  00000-0  00000+0 0  9992
2 43058  56.3723 285.4855 0003646 287.6070  72.4229  1.70473715 13346
GOES 17                 
1 43226U 18022A   20033.71224597  .00000106  00000-0  00000+0 0  9991
2 43226   0.0215  92.6318 0000591 230.8249 288.0992  1.00273730  7108
GSAT0221 (GALILEO 25)   
1 43564U 18060A   20033.67023617 -.00000037  00000-0  00000-0 0  9998
2 43564  56.7222  44.7627 0006533 275.7712  84.1984  1.70476168  9504
GSAT0222 (GALILEO 26)   
1 43565U 18060B   20034.47668377 -.00000033  00000-0  00000+0 0  9991
2 43565  56.7250  44.7397 0006320 281.9076  78.0670  1.70476146  9562
GSAT0219 (GALILEO 23)   
1 43566U 18060C   20032.93709973 -.00000040  00000-0  00000-0 0  9998
2 43566  56.7244  44.7836 0005964 277.9617  82.0135  1.70476090  9517
GSAT0220 (GALILEO 24)   
1 43567U 18060D   20033.74355732 -.00000036  00000-0  00000+0 0  9993
2 43567  56.7237  44.7626 0006077 279.8735  80.1022  1.70476141  9505
BEIDOU-3 M13            
1 43622U 18072A   20034.60262059 -.00000009  00000-0  00000+0 0  9993
2 43622  55.0946 140.4610 0005257 279.5119 175.3313  1.86231458  9344
BEIDOU-3 M14            
1 43623U 18072B   20034.41662289 -.00000009  00000-0  00000+0 0  9992
2 43623  55.0951 140.4574 0003722 314.1027 106.2272  1.86231553  9342
METEOR-M2 2             
1 44387U 19038A   20035.20142444 -.00000022  00000-0  91896-5 0  9991
2 44387  98.6015 358.0409 0000213 255.6229 104.4926 14.23675748 30436
