CRE (WAAS/PRN 138)      
1 28868U 05036A   20034.43614101 -.00000065  00000-0  00000+0 0  9996
2 28868   0.0214 342.5223 0002356 359.5487 200.7012  1.00271276 52835
IOR-W (EGNOS/PRN 126)   
1 28899U 05044A   20034.75743119  .00000018  00000-0  00000+0 0  9993
2 28899   2.9681  28.8288 0003044 288.2113 152.9262  1.00272717 52186
MTSAT-2 (MSAS/PRN 137)  
1 28937U 06004A   20034.88278507 -.00000234  00000-0  00000+0 0  9992
2 28937   0.0871 266.0565 0002494  34.0683 296.1840  1.00271802 51030
QZS-1 (QZSS/PRN 183)    
1 37158U 10045A   20034.62921137 -.00000168  00000-0  00000+0 0  9999
2 37158  41.5135 145.5101 0759345 270.5718  80.5389  1.00253456 34393
GSAT-8 (GAGAN/PRN 127)  
1 37605U 11022A   20035.07870313  .00000093  00000-0  00000+0 0  9997
2 37605   0.0135 104.7130 0008091 177.6246 294.7701  1.00271306 31924
LUCH 5A (SDCM/PRN 140)  
1 37951U 11074B   20035.06630037 -.00000041  00000-0  00000+0 0  9998
2 37951   2.9653 119.4609 0002176 216.4747 348.4446  1.00271890 29876
SES-5 (EGNOS/PRN 136)   
1 38652U 12036A   20034.20655810  .00000043  00000-0  00000+0 0  9998
2 38652   0.0467  99.3700 0002372 203.0679 269.7383  1.00275221 27740
GSAT-10 (GAGAN/PRN 128) 
1 38779U 12051B   20035.07840132 -.00000156  00000-0  00000+0 0  9990
2 38779   0.0553 113.2440 0000998 210.1956 281.4660  1.00270430 26972
LUCH 5B (SDCM/PRN 125)  
1 38977U 12061A   20035.07516024 -.00000128  00000-0  00000+0 0  9990
2 38977   5.4720  68.5159 0003211 241.9661 194.0010  1.00271986 26865
ASTRA 5B (EGNOS/PRN 123)
1 39617U 14011B   20035.04285308  .00000163  00000-0  00000+0 0  9992
2 39617   0.0298 348.6918 0003871 326.9073 224.9735  1.00273867 21554
LUCH 5V (SDCM/PRN 141)  
1 39727U 14023A   20034.83533294 -.00000258  00000-0  00000-0 0  9990
2 39727   0.7557 315.6753 0002899  43.2921 169.8721  1.00268121539207
GSAT-15 (GAGAN/PRN 139) 
1 41028U 15065A   20035.05047729 -.00000249  00000-0  00000+0 0  9991
2 41028   0.0528 268.8725 0001461 349.9073 346.5731  1.00271453 15544
E 117 W B (WAAS/PRN 131)
1 41589U 16038B   20035.08031200 -.00000003  00000-0  00000+0 0  9992
2 41589   0.0022 177.0414 0000352 268.2612 320.2975  1.00270641 13399
SES-15 (WAAS/PRN 133)   
1 42709U 17026A   20034.93417132  .00000068  00000-0  00000+0 0  9990
2 42709   0.0120  77.6298 0000708 243.7326  19.3299  1.00271798 10861
QZS-2 (QZSS/PRN 184)    
1 42738U 17028A   20033.98486920 -.00000128  00000-0  00000+0 0  9997
2 42738  43.2160 276.3085 0752389 269.8821  81.7075  1.00276840  9817
QZS-3 (QZSS/PRN 189)    
1 42917U 17048A   20034.98539925 -.00000340  00000-0  00000+0 0  9999
2 42917   0.0549 204.5675 0001607 131.0558 279.7278  1.00267785  9051
QZS-4 (QZSS/PRN 185)    
1 42965U 17062A   20034.27117774 -.00000296  00000-0  00000+0 0  9994
2 42965  40.8034  13.3746 0750839 268.9831  85.4974  1.00294844  8490
