AKEBONO (EXOS-D)        
1 19822U 89016A   20034.23136950  .00035097  29219-6  60340-3 0  9993
2 19822  75.0172 233.4092 1754808 154.6884 215.1819 12.03474353 23293
HST                     
1 20580U 90037B   20033.68834705  .00000424  00000-0  14811-4 0  9992
2 20580  28.4692 137.5904 0002927  70.5196  74.6324 15.09332696435434
POLAR                   
1 23802U 96013A   20032.60828042  .00000264  00000-0  00000+0 0  9992
2 23802  78.7066 251.7160 6459758 287.8212  15.0579  1.29845711114615
SWAS                    
1 25560U 98071A   20035.00051000  .00000067  00000-0  14857-4 0  9991
2 25560  69.8998   1.9229 0008956 204.8748 155.1977 14.93826426149164
ORSTED                  
1 25635U 99008B   20034.90560664  .00000041  00000-0  16921-4 0  9990
2 25635  96.4665  90.7873 0140154  60.3807 301.1269 14.48187525105410
CXO                     
1 25867U 99040B   20036.93820810  .00000598  00000-0  00000-0 0  9994
2 25867  64.5819 270.4187 7533804 229.8468   0.3221  0.37802800  8555
XMM-NEWTON              
1 25989U 99066A   20035.93082452  .00000158  00000-0  00000+0 0  9999
2 25989  71.1284 324.8966 7312338  93.9004   0.3645  0.50127507 25718
TERRA                   
1 25994U 99068A   20035.12768995  .00000067  00000-0  24893-4 0  9991
2 25994  98.2047 111.2526 0001683 104.5897 255.5486 14.57089553 70752
CLUSTER II-FM7 (SAMBA)  
1 26410U 00041A   20035.92978959 -.00000008  00000-0  00000-0 0  9995
2 26410 131.6329 340.6416 4265741 179.6667 359.2357  0.44238584  9994
CLUSTER II-FM6 (SALSA)  
1 26411U 00041B   20038.12864562  .00000000  00000-0  00000+0 0  9995
2 26411 131.3858 341.8389 5473016 186.1975 359.1389  0.44154123 20817
CLUSTER II-FM5 (RUMBA)  
1 26463U 00045A   20038.19226794 -.00000112  00000-0  00000+0 0  9997
2 26463 135.0095 341.3076 5097821 185.6584 359.1586  0.44202541 22349
CLUSTER II-FM8 (TANGO)  
1 26464U 00045B   20032.51164608  .00000078  00000-0  00000+0 0  9993
2 26464 131.6254 340.6073 4265578 179.5592 181.1111  0.44219608 57655
ODIN                    
1 26702U 01007A   20034.95569514  .00000195  00000-0  16765-4 0  9992
2 26702  97.5626  54.1369 0011123  18.0327 342.1293 15.07955051 36552
TIMED                   
1 26998U 01055B   20034.88126749  .00000106  00000-0  15523-4 0  9996
2 26998  74.0711 201.0851 0002040 293.9164  66.1803 14.88164994984529
RHESSI                  
1 27370U 02004A   20034.08609852  .00001793  00000-0  60578-4 0  9992
2 27370  38.0331 292.8061 0013447 304.4620  55.4880 15.32299649993567
INTEGRAL                
1 27540U 02048A   20033.84370284  .00001024  00000-0  00000+0 0  9992
2 27540  52.2770 125.4318 8912694 286.7602   2.6189  0.37584916 17880
CORIOLIS                
1 27640U 03001A   20035.02193447  .00000007  00000-0  24261-4 0  9999
2 27640  98.7298  46.4902 0015105  65.4169 351.9084 14.19028911884356
SORCE                   
1 27651U 03004A   20034.97206843  .00000031  00000-0  17423-4 0  9991
2 27651  39.9969 359.9684 0023011 156.9285 203.2542 14.89076358924188
MOST                    
1 27843U 03031D   20035.02806454  .00000000  00000-0  20467-4 0  9993
2 27843  98.7114  44.2819 0010976 118.5908 241.6374 14.20604414860512
SCISAT 1                
1 27858U 03036A   20034.50019726  .00000029  00000-0  91641-5 0  9998
2 27858  73.9329  91.3001 0008823 321.5812  38.4733 14.77275052887722
SWIFT                   
1 28485U 04047A   20033.90675111  .00000799  00000-0  24148-4 0  9998
2 28485  20.5559 253.7213 0011243 142.3652 217.7570 15.04530994833050
FORMOSAT-3 FM6          
1 29047U 06011A   20034.97562708  .00000136  00000-0  69627-4 0  9997
2 29047  71.9790  24.4595 0052677 292.4802  67.0762 14.28711345722128
FORMOSAT-3 FM1          
1 29048U 06011B   20034.99128724  .00000044  00000-0  33683-4 0  9997
2 29048  71.9669 295.4996 0045766 251.9241 107.6907 14.28677424724603
FORMOSAT-3 FM5          
1 29049U 06011C   20034.92981692  .00000027  00000-0  27123-4 0  9995
2 29049  72.0207 106.5084 0037205 279.0159  80.6767 14.28760248720384
FORMOSAT-3 FM3          
1 29050U 06011D   20035.02141018  .00000119  00000-0  35482-4 0  9998
2 29050  72.0145 266.1506 0051085 210.9001 148.9144 14.58874685736828
FORMOSAT-3 FM4          
1 29051U 06011E   20035.14288003  .00000040  00000-0  31449-4 0  9990
2 29051  72.0064   8.3817 0067611 159.0062 201.3875 14.28788476723002
FORMOSAT-3 FM2          
1 29052U 06011F   20034.87202404  .00000058  00000-0  38809-4 0  9997
2 29052  72.0340  82.7417 0042232 240.9811 118.7091 14.28892238721298
CLOUDSAT                
1 29107U 06016A   20035.05821506  .00000086  00000-0  26430-4 0  9992
2 29107  98.2163 342.8846 0002835  85.1918 274.9607 14.62377302732849
CALIPSO                 
1 29108U 06016B   20035.12619287  .00000105  00000-0  30083-4 0  9993
2 29108  98.2152 342.7552 0001173  82.9076 277.2258 14.62377759732704
HINODE (SOLAR-B)        
1 29479U 06041A   20035.01381406  .00000054  00000-0  19132-4 0  9994
2 29479  98.1641  47.7908 0018273  73.2934 287.0273 14.65041466714217
SJ-6C                   
1 29505U 06046A   20035.04540006  .00000099  00000-0  14449-4 0  9990
2 29505  97.8220  49.2036 0005816 114.1839 246.0010 14.94787545723539
SJ-6D                   
1 29506U 06046B   20035.07351671  .00000389  00000-0  42386-4 0  9995
2 29506  97.8430  49.2761 0002231 161.1208 199.0088 14.93494730723114
AGILE                   
1 31135U 07013A   20034.01450906  .00002318  00000-0  36687-4 0  9996
2 31135   2.4668 172.4680 0012150 222.4822 137.4291 15.32057410711239
AIM                     
1 31304U 07015A   20035.09631626  .00000601  00000-0  37646-4 0  9994
2 31304  97.9263 272.7049 0006589  95.6881 264.5101 15.13409865700362
FGRST (GLAST)           
1 33053U 08029A   20035.07745766  .00000455  00000-0  92299-5 0  9995
2 33053  25.5829 295.4473 0012089 251.6718 108.2502 15.11298663642980
WISE                    
1 36119U 09071A   20035.07249199  .00000611  00000-0  23652-4 0  9998
2 36119  97.3464  73.0045 0003869 122.8739 237.2875 15.29917781563279
SDO                     
1 36395U 10005A   20031.27848705 -.00000070  00000-0  00000+0 0  9996
2 36395  30.0923 123.6570 0000326  10.8737 353.5008  1.00269314 36689
CRYOSAT 2               
1 36508U 10013A   20035.03061384  .00000098  00000-0  23355-4 0  9991
2 36508  92.0272  75.1572 0005473 324.8444  35.2402 14.52175275520744
X-SAT                   
1 37389U 11015C   20035.13662301 -.00000021  00000-0  89794-5 0  9996
2 37389  98.4556  95.6505 0013396 327.4349  32.6004 14.24381931457167
GCOM-W1 (SHIZUKU)       
1 38337U 12025A   20034.53901213  .00000022  00000-0  14963-4 0  9998
2 38337  98.2202 336.4514 0001956  50.1358   8.9877 14.57110587410359
NUSTAR                  
1 38358U 12031A   20034.02525171  .00000893  00000-0  19610-4 0  9997
2 38358   6.0260 172.7389 0011246  98.2950 261.8454 14.88247713415800
NEOSSAT                 
1 39089U 13009D   20035.07335886 -.00000005  00000-0  13517-4 0  9999
2 39089  98.4763 239.5361 0010801 332.3624  27.6986 14.34492842363292
IRIS                    
1 39197U 13033A   20035.08531543  .00000088  00000-0  19180-4 0  9997
2 39197  97.9522 218.6919 0026601 305.9914  53.8830 14.78695936356242
HISAKI (SPRINT-A)       
1 39253U 13049A   20034.99310761  .00000134  00000-0  90348-4 0  9990
2 39253  29.7195 157.4809 0137317 252.4560 106.0966 13.55215755316790
CASSIOPE                
1 39265U 13055A   20035.09784042  .00002530  00000-0  71761-4 0  9999
2 39265  80.9676  94.8090 0662866 335.5105  21.5857 14.28772608328599
STSAT-3                 
1 39422U 13066G   20035.11481170 -.00000178  00000-0 -12923-4 0  9998
2 39422  97.5288  74.3771 0021493 281.4438  78.4375 14.89794354337134
SWARM B                 
1 39451U 13067A   20035.04865489  .00000288  00000-0  11144-4 0  9996
2 39451  87.7539 320.1280 0003221  64.0808 296.0769 15.21675730344099
SWARM A                 
1 39452U 13067B   20035.07150951  .00001088  00000-0  22626-4 0  9997
2 39452  87.3664 179.5463 0002715 103.8230 256.3330 15.44304220348480
SWARM C                 
1 39453U 13067C   20035.07141553  .00001080  00000-0  22463-4 0  9997
2 39453  87.3515 180.7747 0002710 103.6331 256.5228 15.44304007348447
BRITE-CA1 (TORONTO)     
1 40020U 14033L   20035.07845830  .00000092  00000-0  23754-4 0  9998
2 40020  97.7316 230.9568 0088289 140.8342 219.9297 14.66619288301072
OCO 2                   
1 40059U 14035A   20035.07306974  .00000032  00000-0  17261-4 0  9993
2 40059  98.2209 337.7061 0001194  79.9232 280.2101 14.57099837297469
BRITE-PL2 (HEWELIUSZ)   
1 40119U 14049B   20034.98267121  .00000092  00000-0  17330-4 0  9997
2 40119  97.8976 128.5417 0017397 184.1526 175.9547 14.84467123295830
RESURS P2               
1 40360U 14087A   20035.21757912  .00000623  00000-0  21644-4 0  9999
2 40360  97.2500 126.6311 0007814 314.0779 127.0110 15.33382649285741
MMS 1                   
1 40482U 15011A   20034.87500000 -.00001962  00000-0  00000+0 0  9993
2 40482  24.3940 120.4122 8777922  17.9038 284.4507  0.28561641 10828
MMS 2                   
1 40483U 15011B   20034.87500000 -.00001962  00000-0  00000+0 0  9994
2 40483  24.3911 120.4123 8776862  17.9010 284.4556  0.28561634 10804
MMS 3                   
1 40484U 15011C   20034.87500000 -.00001962  00000-0  00000+0 0  9995
2 40484  24.3946 120.4060 8777259  17.9150 284.4394  0.28561877 10808
MMS 4                   
1 40485U 15011D   20034.87500000 -.00001962  00000-0  00000+0 0  9996
2 40485  24.3912 120.4159 8777261  17.9050 284.4369  0.28561606 10816
ASTROSAT                
1 40930U 15052A   20035.06350632  .00000704  00000-0  97522-5 0  9995
2 40930   5.9955 220.1922 0008459 171.8070 188.2196 14.76293267235326
DAMPE                   
1 41173U 15078A   20035.22266212  .00000084  00000-0  63763-5 0  9992
2 41173  97.3175  32.3865 0014225  12.3846 116.5931 15.23845396229954
PISAT                   
1 41784U 16059B   20035.08266541  .00000048  00000-0  18330-4 0  9998
2 41784  98.0391  95.0933 0032246  19.2058 341.0352 14.63485729179258
HXMT (HUIYAN)           
1 42758U 17034A   20035.20444209  .00000078  00000-0  18630-4 0  9993
2 42758  43.0182  52.4275 0012301 266.0753 184.2264 15.08746486145597
FLYING LAPTOP           
1 42831U 17042G   20034.24450243  .00000129  00000-0  18404-4 0  9998
2 42831  97.5402 282.3187 0014679  21.6001 338.5834 14.91083088139149
PICSAT                  
1 43132U 18004X   20034.99856593  .00001160  00000-0  50712-4 0  9996
2 43132  97.4631 107.0920 0010244 157.6830 202.4854 15.24078080114573
ZHANGZHENG-1 (CSES)     
1 43194U 18015C   20035.04774462  .00001035  00000-0  49838-4 0  9995
2 43194  97.4175 161.9922 0014156 212.9789 258.8983 15.20911640111231
ICON                    
1 44628U 19068A   20034.74759881  .00000440  00000-0  22997-4 0  9997
2 44628  26.9914 192.2417 0019013 307.1044  52.7764 14.91631891 17288
