LEMUR-1                 
1 40044U 14033AL  20035.06840873  .00000124  00000-0  25580-4 0  9990
2 40044  97.7264 257.1104 0060472  75.2211 285.5688 14.74169711302521
LEMUR-2-JOEL            
1 40932U 15052C   20034.10464780  .00000843  00000-0  26439-4 0  9993
2 40932   6.0073 203.4139 0013831 202.2443 157.7085 14.77921952235382
LEMUR-2-CHRIS           
1 40933U 15052D   20034.21060706  .00000837  00000-0  25340-4 0  9999
2 40933   6.0049 199.8579 0014596 210.7623 149.1648 14.78073062235421
LEMUR-2-PETER           
1 40935U 15052F   20034.02653112  .00000859  00000-0  30075-4 0  9994
2 40935   6.0029 217.2449 0010415 170.1756 189.8575 14.77214140235236
LEMUR-2-XIAOQING        
1 41871U 16062C   20034.77672747  .00000792  00000-0  43314-4 0  9999
2 41871  51.6377 183.1225 0006915  95.4616 264.7151 15.26314444177641
LEMUR-2-SOKOLSKY        
1 41872U 16062D   20035.11699828  .00000207  00000-0  21098-4 0  9994
2 41872  51.6830 186.2809 0002486 186.3386 173.7562 15.26113581177678
LEMUR-2-ANUBHAVTHAKUR   
1 41873U 16062E   20035.05744014  .00001465  00000-0  74574-4 0  9990
2 41873  51.6781 197.6250 0004851  47.8575 312.2814 15.23442281177465
LEMUR-2-WINGO           
1 41874U 16062F   20035.01924394  .00002258  00000-0  10045-3 0  9991
2 41874  51.6548 186.5451 0011803  19.6398 340.5033 15.25776649177616
LEMUR-2-JOBANPUTRA      
1 41991U 17008AV  20035.14934453  .00001103  00000-0  47438-4 0  9998
2 41991  97.3753 102.7961 0008968  64.3614 295.8550 15.24697803164326
LEMUR-2-SPIRE-MINIONS   
1 41992U 17008AW  20034.42153393  .00001539  00000-0  62898-4 0  9995
2 41992  97.3781 103.2859 0008604  64.0180 296.1944 15.25844871164288
LEMUR-2-SATCHMO         
1 41993U 17008AX  20033.71937339  .00001073  00000-0  45989-4 0  9992
2 41993  97.3757 101.6490 0008931  67.7659 292.4525 15.24877870164120
LEMUR-2-SMITA-SHARAD    
1 41994U 17008AY  20035.10893252  .00001459  00000-0  59875-4 0  9990
2 41994  97.3776 103.8498 0008626  61.1098 299.1005 15.25803249164385
LEMUR-2-RDEATON         
1 41995U 17008AZ  20034.40226650  .00001121  00000-0  47802-4 0  9998
2 41995  97.3759 102.4372 0010070  76.3156 283.9202 15.24944660164913
LEMUR-2-TACHIKOMA       
1 41996U 17008BA  20035.12846468  .00001429  00000-0  58860-4 0  9991
2 41996  97.3795 103.9897 0009767  73.2769 286.9540 15.25688707164285
LEMUR-2-NOGUECORREIG    
1 41997U 17008BB  20035.08328270  .00001471  00000-0  60138-4 0  9991
2 41997  97.3788 104.1791 0009843  72.5231 287.7082 15.25910121164384
LEMUR-2-MIA-GRACE       
1 41998U 17008BC  20034.26609223  .00001158  00000-0  49479-4 0  9998
2 41998  97.3757 102.1441 0010002  77.4619 282.7737 15.24833716164121
LEMUR-2-ANGELA          
1 42752U 17019B   20035.08561670  .00000868  00000-0  40542-4 0  9992
2 42752  51.6410 100.8669 0009801 183.0762 177.0160 15.31088802148500
LEMUR-2-JENNYBARNA      
1 42753U 17019C   20035.08761333  .00001863  00000-0  70308-4 0  9990
2 42753  51.6400  95.7446 0009205 186.5986 173.4876 15.32428934148520
LEMUR-2-ROBMOORE        
1 42754U 17019D   20034.88233800  .00000966  00000-0  43870-4 0  9998
2 42754  51.6411 102.4832 0009720 184.5678 175.5216 15.30982599148448
LEMUR-2-SPIROVISION     
1 42755U 17019E   20035.16809332  .00002633  00000-0  94254-4 0  9995
2 42755  51.6402  95.3966 0009835 190.6134 200.1836 15.32503604148451
LEMUR-2-SHAINAJOHL      
1 42771U 17036G   20035.09705204  .00001249  00000-0  56479-4 0  9996
2 42771  97.3229  91.8678 0015772 127.2988 232.9689 15.22642937145283
LEMUR-2-XUENITERENCE    
1 42772U 17036H   20034.30720669  .00001374  00000-0  61515-4 0  9998
2 42772  97.3207  91.1284 0015241 128.8207 231.4394 15.22834898145172
LEMUR-2-LUCYBRYCE       
1 42773U 17036J   20035.10399210  .00000758  00000-0  35322-4 0  9994
2 42773  97.3256  92.4340 0015328 125.5453 234.7216 15.22759811145313
LEMUR-2-KUNGFOO         
1 42774U 17036K   20035.07642079  .00001224  00000-0  55162-4 0  9998
2 42774  97.3227  92.0483 0015215 126.2165 234.0481 15.22799209145287
LEMUR-2-LYNSEY-SYMO     
1 42779U 17036Q   20034.95975228  .00001362  00000-0  58606-4 0  9993
2 42779  97.3253  93.5542 0013035 131.2227 229.0137 15.24246705145356
LEMUR-2-LISASAURUS      
1 42780U 17036R   20035.14832978  .00000749  00000-0  34484-4 0  9997
2 42780  97.3243  93.0563 0013231 131.8585 228.3783 15.23259848145356
LEMUR-2-SAM-AMELIA      
1 42781U 17036S   20035.12878276  .00000760  00000-0  34678-4 0  9995
2 42781  97.3261  93.4748 0013280 131.5962 228.6415 15.23513090145364
LEMUR-2-MCPEAKE         
1 42782U 17036T   20034.94054665  .00001312  00000-0  57491-4 0  9995
2 42782  97.3246  93.2565 0012878 131.5874 228.6469 15.23681284145334
LEMUR-2-GREENBERG       
1 42837U 17042N   20034.95398352  .00000473  00000-0  51750-4 0  9997
2 42837  97.5428 284.0750 0013584  15.1288 345.0335 14.92070568139326
LEMUR-2-ANDIS           
1 42838U 17042P   20034.47378771  .00000167  00000-0  21721-4 0  9993
2 42838  97.5428 283.6369 0013657  16.3657 343.8000 14.92037142139250
LEMUR-2-MONSON          
1 42839U 17042Q   20034.92195702  .00000216  00000-0  26649-4 0  9994
2 42839  97.5435 283.9814 0013390  14.6940 345.4666 14.91865221139316
LEMUR-2-FURIAUS         
1 42840U 17042R   20034.50596851  .00000365  00000-0  41239-4 0  9997
2 42840  97.5431 283.7441 0013627  15.9188 344.2457 14.92010598139257
LEMUR-2-PETERG          
1 42841U 17042S   20034.65484852  .00000298  00000-0  34388-4 0  9993
2 42841  97.5445 284.2059 0013068  12.9842 347.1712 14.92280426139308
LEMUR-2-DEMBITZ         
1 42842U 17042T   20033.97467196  .00000516  00000-0  55784-4 0  9996
2 42842  97.5439 283.5450 0013227  16.0095 344.1540 14.92275601139205
LEMUR-2-ZACHARY         
1 42845U 17042W   20034.50734238  .00000533  00000-0  57031-4 0  9999
2 42845  97.5376 283.7347 0013492  17.3281 342.8396 14.92531681139296
LEMUR-2-ARTFISCHER      
1 42881U 17042BJ  20035.09031188  .00003374  00000-0  85891-4 0  9999
2 42881  96.9102 269.8954 0013202  96.4396 263.8355 15.40136717143364
LEMUR-2-ROCKETJONAH     
1 43041U 17071E   20035.05328551  .00005856  00000-0  12671-3 0  9991
2 43041  51.6380 355.2685 0000845 136.1498 223.9557 15.45973333124058
LEMUR-2-YONGLIN         
1 43045U 17071J   20034.13928557  .00006667  00000-0  13909-3 0  9991
2 43045  51.6391 356.7409 0002922 270.6884  89.3768 15.46805570121687
LEMUR-2-KEVIN           
1 43046U 17071K   20034.97659273  .00005487  00000-0  12194-3 0  9994
2 43046  51.6395 357.0720 0002911 269.4815  90.5839 15.45315848121754
LEMUR-2-BRIANDAVIE      
1 43047U 17071L   20035.10191394  .00006513  00000-0  14187-3 0  9991
2 43047  51.6380 357.0539 0002161 322.7676  37.3161 15.45566084121759
LEMUR-2-ROMACOSTE       
1 43048U 17071M   20035.05758219  .00005435  00000-0  11762-3 0  9999
2 43048  51.6389 355.3395 0002097 323.4890  36.5954 15.46132457121771
LEMUR-2-MCCULLAGH       
1 43051U 17071Q   20035.04707556  .00006009  00000-0  12940-3 0  9997
2 43051  51.6397 355.2797 0001473  82.8023 277.3132 15.46066198121726
LEMUR-2-DUNLOP          
1 43053U 17071S   20034.95757943  .00005512  00000-0  12316-3 0  9998
2 43053  51.6376 359.0632 0001472  84.4434 275.6721 15.45141345121674
LEMUR-2-LIU-POU-CHUN    
1 43054U 17071T   20035.10166560  .00006078  00000-0  13244-3 0  9995
2 43054  51.6386 355.6002 0000497 137.0996 223.0030 15.45684303121736
LEMUR-2-MCCAFFERTY      
1 43123U 18004N   20035.11692899  .00001573  00000-0  66072-4 0  9992
2 43123  97.4645 107.7680 0010368 154.6488 205.5260 15.24914878114615
LEMUR-2-PETERWEBSTER    
1 43124U 18004P   20035.10305556  .00001401  00000-0  59276-4 0  9991
2 43124  97.4650 107.6474 0010389 153.4842 206.6929 15.24857633114615
LEMUR-2-BROWNCOW        
1 43125U 18004Q   20034.93937064  .00001725  00000-0  71615-4 0  9997
2 43125  97.4656 107.7078 0010232 154.7113 205.4628 15.25180600114601
LEMUR-2-DAVEWILSON      
1 43126U 18004R   20034.97765067  .00001767  00000-0  73562-4 0  9993
2 43126  97.4653 107.6680 0010359 154.9917 205.1825 15.25053915114605
LEMUR-2-MARSHALL        
1 43165U 18010C   20034.09917650  .00001941  00000-0  86535-4 0  9991
2 43165  82.9195 162.7392 0031995 149.9880 210.3199 15.20304361112803
LEMUR-2-TALLHAMN-ATC    
1 43167U 18010E   20034.77473094  .00001594  00000-0  75729-4 0  9994
2 43167  82.9225 164.4697 0025200 159.4707 200.7547 15.18174078112764
LEMUR-2-JIN-LUEN        
1 43182U 18014C   20034.70677190  .00000376  00000-0  38155-4 0  9990
2 43182  97.6957 303.5880 0013388 325.5017  34.5334 14.96478434109503
LEMUR-2-URAMCHANSOL     
1 43183U 18014D   20034.55193526  .00000855  00000-0  80206-4 0  9996
2 43183  97.6952 303.4824 0013091 325.4205  34.6164 14.96528794109489
LEMUR-2-KADI            
1 43184U 18014E   20035.00940918  .00000499  00000-0  48932-4 0  9997
2 43184  97.6949 303.9607 0013137 324.3536  35.6807 14.96540042109559
LEMUR-2-THENICKMOLO     
1 43185U 18014F   20035.00640521  .00000458  00000-0  45336-4 0  9995
2 43185  97.6954 303.9798 0013057 324.8502  35.1857 14.96533595109551
LEMUR-2-VU              
1 43558U 18046E   20035.04039962  .00002843  00000-0  10757-3 0  9997
2 43558  51.6425  28.9657 0007532 174.2195 185.8874 15.30353532 86828
LEMUR-2-ALEXANDER       
1 43559U 18046F   20035.14720642  .00001755  00000-0  70853-4 0  9996
2 43559  51.6418  28.1881 0007498 173.9758 186.1314 15.30473883 86627
LEMUR-2-YUASA           
1 43560U 18046G   20034.98773439  .00003380  00000-0  12594-3 0  9994
2 43560  51.6419  29.3567 0007782 187.9639 172.1220 15.30250570 86811
LEMUR-2-TOMHENDERSON    
1 43561U 18046H   20034.01100383  .00002544  00000-0  97959-4 0  9991
2 43561  51.6415  34.0871 0007895 183.6217 176.4708 15.30211732 86229
LEMUR-2-ZUPANSKI        
1 43695U 18088F   20035.08512715  .00001375  00000-0  60186-4 0  9992
2 43695  85.0348 166.2105 0019407  81.3500 278.9939 15.20862833 68320
LEMUR-2-CHANUSIAK       
1 43697U 18088H   20033.87397428  .00001283  00000-0  54844-4 0  9993
2 43697  85.0410 167.0312 0017918  68.9956 291.3200 15.21618284 68210
LEMUR-2-ORZULAK         
1 43731U 18096N   20034.96128410  .00001790  00000-0  67567-4 0  9994
2 43731  97.4379 110.0039 0019189 239.3884 120.5463 15.28224334 65903
LEMUR-2-KOBYSZCZE       
1 43732U 18096P   20034.92226728  .00001878  00000-0  70423-4 0  9994
2 43732  97.4383 110.0727 0019271 239.6704 120.2629 15.28372914 65908
LEMUR-2-DULY            
1 43745U 18096AC  20035.19683220  .00002259  00000-0  84045-4 0  9991
2 43745  97.4379 110.2966 0019131 238.3683 121.5690 15.28410615 65959
LEMUR-2-VLADIMIR        
1 43746U 18096AD  20034.24894721  .00002168  00000-0  80599-4 0  9996
2 43746  97.4377 109.4148 0019184 242.2299 117.6996 15.28485639 65835
LEMUR-2-CHRISTINAHOLT   
1 43882U 18111G   20035.06083366  .00000033  00000-0  79801-5 0  9995
2 43882  97.7127 305.0441 0011454 339.6199  20.4564 14.96755296 58404
LEMUR-2-TINYKEV         
1 43883U 18111H   20034.97974275  .00000198  00000-0  22406-4 0  9993
2 43883  97.7134 305.0076 0011424 342.0150  18.0666 14.96810624 58390
LEMUR-2-REMY-COLTON     
1 43884U 18111J   20035.17345011  .00000706  00000-0  66602-4 0  9998
2 43884  97.7142 305.2369 0011220 341.6773  18.4043 14.96885121 58428
LEMUR-2-GUSTAVO         
1 43885U 18111K   20034.96675561  .00000909  00000-0  84331-4 0  9995
2 43885  97.7139 305.0498 0010975 341.5504  18.5318 14.96843683 58392
LEMUR-2-ZO              
1 43886U 18111L   20035.01107414  .00000494  00000-0  48090-4 0  9991
2 43886  97.7134 305.1688 0010890 338.3145  21.7614 14.96926921 58405
LEMUR-2-NATALIEMURRAY   
1 43887U 18111M   20034.98059118  .00000173  00000-0  20055-4 0  9999
2 43887  97.7146 305.2096 0011192 339.3468  20.7300 14.97051866 60400
LEMUR-2-SARAHBETTYBOO   
1 43888U 18111N   20035.03187425  .00000984  00000-0  90295-4 0  9993
2 43888  97.7151 305.3330 0010820 338.2293  21.8467 14.97100244 60412
LEMUR-2-DAISY-HARPER    
1 43889U 18111P   20035.01373594  .00000551  00000-0  52706-4 0  9991
2 43889  97.7142 305.3544 0010844 335.8848  24.1864 14.97174275 60406
LEMUR-2-JOHANLORAN      
1 44084U 19018G   20034.96240723  .00001786  00000-0  80020-4 0  9997
2 44084  97.4295  97.4852 0011778 281.4216  78.5697 15.22504335 46935
LEMUR-2-BEAUDACIOUS     
1 44085U 19018H   20034.95988509  .00001766  00000-0  79177-4 0  9997
2 44085  97.4293  97.4900 0011763 282.4079  77.5841 15.22489478 46930
LEMUR-2-ELHAM           
1 44086U 19018J   20034.93793713  .00002005  00000-0  88941-4 0  9993
2 44086  97.4300  97.5382 0011845 282.8194  77.1719 15.22701731 46937
LEMUR-2-VICTOR-ANDREW   
1 44087U 19018K   20034.92995993  .00002142  00000-0  94733-4 0  9995
2 44087  97.4301  97.5476 0011686 283.6835  76.3100 15.22734474 46943
LEMUR-2-LILLYJO         
1 44396U 19038L   20034.99144895  .00001253  00000-0  75760-4 0  9995
2 44396  97.5166 358.1245 0023505 227.8895 132.0338 15.12286798 32257
LEMUR-2-WANLI           
1 44402U 19038S   20035.00078733  .00001210  00000-0  73424-4 0  9991
2 44402  97.5172 358.1288 0023621 228.2325 131.6887 15.12222921 32264
LEMUR-2-MORAG           
1 44403U 19038T   20035.13127940  .00001283  00000-0  77600-4 0  9991
2 44403  97.5205 358.3389 0022350 231.1689 128.7546 15.12247130 32280
LEMUR-2-DUSTINTHEWIND   
1 44405U 19038V   20035.11795854  .00001434  00000-0  86026-4 0  9996
2 44405  97.5161 358.2466 0023481 227.1173 132.8087 15.12351683 32282
LEMUR-2-ALEX-MADDY      
1 44407U 19038X   20035.13567426  .00000889  00000-0  55115-4 0  9990
2 44407  97.5206 358.3275 0022399 231.5152 128.4069 15.12143296 32275
LEMUR-2-EJATTA          
1 44409U 19038Z   20035.17061267  .00001533  00000-0  91416-4 0  9999
2 44409  97.5158 358.3176 0023342 226.4293 133.5000 15.12466826 32292
LEMUR-2-GREGROBINSON    
1 44411U 19038AB  20034.94326309  .00001326  00000-0  80213-4 0  9990
2 44411  97.5214 358.1526 0022465 232.7255 127.1927 15.12187640 31928
LEMUR-2-YNDRD           
1 44413U 19038AD  20035.12696160  .00000777  00000-0  48584-4 0  9992
2 44413  97.5198 358.3206 0022242 231.2184 128.7060 15.12182636 32281
LEMUR-2-JPGSQUARED      
1 44855U 19089D   20035.08424874  .00000379  00000-0  37365-4 0  9997
2 44855  36.9668 172.5164 0006362  29.5511 330.5598 14.98712958  8186
LEMUR-2-HIMOMANDDAD     
1 44860U 19089J   20035.08886800  .00000230  00000-0  25335-4 0  9994
2 44860  36.9668 172.5540 0006709  26.1280 333.9805 14.98581775  8180
LEMUR-2-PAPPY           
1 44861U 19089K   20035.08710548  .00000222  00000-0  24671-4 0  9993
2 44861  36.9680 172.5387 0006771  28.2404 331.8714 14.98630977  8123
