STARLINK-31             
1 44235U 19029A   20035.25001157  .00185391  00000-0  10389-1 0  9999
2 44235  53.0018  99.3864 0001432  71.3152 272.5571 15.12096785 39910
STARLINK-22             
1 44236U 19029B   20035.25001157  .01518687  00000-0  38128-1 0  9990
2 44236  52.9982  98.1182 0002532  43.0126 302.7792 15.36742773 39921
STARLINK-23             
1 44237U 19029C   20035.25001157  .00238021  00000-0  13240-1 0  9999
2 44237  52.9986  99.1896 0001609  77.1090 230.7366 15.12083539 38794
STARLINK-24             
1 44238U 19029D   20034.90662366  .00002047  00000-0  13370-3 0  9999
2 44238  52.9976 100.0471 0001147 106.3183 253.7934 15.12353511 38673
STARLINK-25             
1 44239U 19029E   20035.25001157  .00207730  00000-0  11599-1 0  9999
2 44239  53.0047  99.6234 0001305  71.3053 326.5985 15.12107089 38715
STARLINK-26             
1 44240U 19029F   20035.25001157  .02809894  00000-0  53275-1 0  9999
2 44240  53.0058  83.7204 0002809  71.7849 163.2916 15.44368484 39003
STARLINK-27             
1 44241U 19029G   20035.25001157  .00117820  00000-0  66667-2 0  9999
2 44241  53.0040  99.5053 0001547  83.3135 278.6124 15.12122925 38797
STARLINK-28             
1 44242U 19029H   20035.25001157  .01588170  00000-0  35604-1 0  9997
2 44242  52.9926  93.2263 0002343  51.4928 248.2994 15.40108184 38862
STARLINK-29             
1 44243U 19029J   20035.25001157  .00500394  00000-0  10786-1 0  9993
2 44243  53.0012  40.8489 0006087 343.2250 143.1080 15.42125610 39593
STARLINK-30             
1 44244U 19029K   20035.25001157  .00170213  00000-0  95567-2 0  9998
2 44244  53.0006  99.0646 0001314  61.6381 186.2609 15.12109891 38754
STARLINK-21             
1 44245U 19029L   20035.25001157  .00160428  00000-0  90229-2 0  9996
2 44245  52.9975  99.2712 0001648  67.2718 264.6330 15.12100983 38777
STARLINK-46             
1 44246U 19029M   20035.25001157  .00736850  11379-4  72720-3 0  9997
2 44246  52.9875 348.0636 0076298 180.9936  74.2143 16.04527991 40072
STARLINK-33             
1 44247U 19029N   20035.25001157  .01452568  00000-0  32305-1 0  9998
2 44247  53.0054  94.6923 0001944  68.7389 249.0553 15.40131336 38873
STARLINK-34             
1 44248U 19029P   20035.08335648  .00816675  00000-0  30776-1 0  9997
2 44248  52.9968  98.6543 0001535  60.1616  90.5484 15.24339024 38714
STARLINK-61             
1 44249U 19029Q   20034.91667824  .00214009  00000-0  10093-1 0  9996
2 44249  52.9973  93.0874 0006819 325.3043 224.0257 15.18043020  1798
STARLINK-36             
1 44250U 19029R   20035.25001157  .00192265  00000-0  10762-1 0  9999
2 44250  52.9999  99.1661 0001187  75.1709 202.6930 15.12100558 38751
STARLINK-37             
1 44251U 19029S   20035.25001157  .00208194  00000-0  11630-1 0  9994
2 44251  52.9820  98.4355 0001298 100.5188 183.3487 15.12088335 38721
STARLINK-71             
1 44252U 19029T   20035.25001157  .00156642  00000-0  88139-2 0  9994
2 44252  52.9988  98.3113 0001102  62.7251 329.1354 15.12105756 38722
STARLINK-39             
1 44253U 19029U   20035.25001157  .00190996  00000-0  10691-1 0  9992
2 44253  53.0040  99.4700 0001228  78.8246 271.0251 15.12107448 38764
STARLINK-32             
1 44254U 19029V   20035.25001157  .00285703  00000-0  15778-1 0  9995
2 44254  52.9985  99.1827 0001308  76.7340 225.1697 15.12093248 38732
STARLINK-66             
1 44255U 19029W   20035.25001157  .01474137  00000-0  32739-1 0  9994
2 44255  53.0012  94.4512 0001956  68.4377 243.3914 15.40127765 38807
STARLINK-42             
1 44256U 19029X   20035.25001157  .00284252  00000-0  70542-2 0  9996
2 44256  52.9920  95.9436 0001267  77.2768 244.2291 15.38737935 38746
STARLINK-43             
1 44257U 19029Y   20035.25001157 -.00028258  00000-0 -95497-3 0  9998
2 44257  52.9998  63.7556 0001155 104.4163 285.8138 15.29877013 39290
STARLINK-40             
1 44258U 19029Z   20035.25001157  .00229529  00000-0  12781-1 0  9994
2 44258  52.9993  99.1799 0001552  74.6634 221.1371 15.12090526 38772
STARLINK-52             
1 44259U 19029AA  20035.25001157  .00603936  00000-0  12988-1 0  9992
2 44259  53.0016  42.3240 0001481 108.8955   0.2814 15.42142409 39454
STARLINK-45             
1 44260U 19029AB  20035.25001157  .00201008  00000-0  11239-1 0  9996
2 44260  53.0092  97.9679 0001503  65.2207 260.6301 15.12093940 38840
STARLINK-44             
1 44261U 19029AC  20034.91667824  .00102898  00000-0  58414-2 0  9992
2 44261  52.9993 100.6705 0001615  75.9718 198.3643 15.12093750  1799
STARLINK-49             
1 44262U 19029AD  20035.25001157  .00158234  00000-0  89007-2 0  9999
2 44262  53.0037  99.5159 0001057  81.0434 286.7803 15.12108305 38796
STARLINK-72             
1 44263U 19029AE  20035.25001157  .00147239  00000-0  82974-2 0  9999
2 44263  53.0013  99.0043 0001263  71.9716 169.8738 15.12103063 38781
STARLINK-35             
1 44264U 19029AF  20034.91667824  .00060386  00000-0  34536-2 0  9999
2 44264  53.0004 100.6138 0001402  74.0419 170.2264 15.12113665  1795
STARLINK-63             
1 44265U 19029AG  20035.25001157  .00030242  00000-0  17448-2 0  9990
2 44265  52.9999  98.4805 0001353  64.7958 201.0213 15.12126654 38802
STARLINK-54             
1 44266U 19029AH  20035.25001157  .00208310  00000-0  11632-1 0  9992
2 44266  52.9930  98.5110 0001259  96.5663 313.3453 15.12101789 38736
STARLINK-69             
1 44267U 19029AJ  20035.25001157  .00223586  00000-0  12461-1 0  9996
2 44267  52.9993  98.3299 0001350  74.5254 263.3823 15.12090173 38780
STARLINK-55             
1 44268U 19029AK  20035.25001157  .01542578  00000-0  34668-1 0  9996
2 44268  52.9922  94.1230 0001908  76.8118 228.9812 15.40113708 38804
STARLINK-57             
1 44269U 19029AL  20035.25001157  .00174314  00000-0  97859-2 0  9997
2 44269  52.9977  98.8770 0001409  76.3260 297.5099 15.12091625 38816
STARLINK-58             
1 44270U 19029AM  20035.08335648  .00878095  00000-0  33677-1 0  9999
2 44270  52.9984  98.9633 0001678  58.5314 144.1367 15.23568579 38796
STARLINK-59             
1 44271U 19029AN  20034.91667824  .00177001  00000-0  99319-2 0  9990
2 44271  52.9982  99.9320 0001196  73.7191 140.5997 15.12094539  1793
STARLINK-51             
1 44272U 19029AP  20035.25001157  .00281639  00000-0  15574-1 0  9993
2 44272  52.9987  99.0435 0001332  67.9274 185.9899 15.12067237 38773
STARLINK-60             
1 44273U 19029AQ  20034.21438270  .00027504  00000-0  47166-3 0  9992
2 44273  52.9999  36.6519 0006198  13.3340 346.7830 15.50993694 39557
STARLINK-62             
1 44274U 19029AR  20035.08335648  .00847466  00000-0  32582-1 0  9995
2 44274  53.0017  98.5465 0001664  57.8875 138.7377 15.23574791 38756
STARLINK-64             
1 44275U 19029AS  20035.25001157  .01553809  00000-0  45185-1 0  9999
2 44275  52.9915  96.7733 0001781  65.2735  23.8620 15.32016162 38790
STARLINK-65             
1 44276U 19029AT  20035.25001157  .00118572  00000-0  67093-2 0  9996
2 44276  53.0013  98.9729 0001289  65.4582 140.4350 15.12118224 38792
STARLINK-41             
1 44277U 19029AU  20035.25001157  .01560413  00000-0  39816-1 0  9994
2 44277  53.0022  97.1575 0002175  56.9289 287.3312 15.36156305 38806
STARLINK-67             
1 44278U 19029AV  20035.25001157  .00063885  12617-4  21413-3 0  9992
2 44278  52.9942 335.4855 0021400  83.4640 228.2714 15.90075818 40478
STARLINK-68             
1 44279U 19029AW  20035.25001157  .00211314  00000-0  11797-1 0  9996
2 44279  53.0003  97.9605 0001412  68.8562 203.0037 15.12094465 38753
STARLINK-38             
1 44280U 19029AX  20034.75001157 -.00018213  00000-0 -10300-2 0  9997
2 44280  53.0008 101.2051 0001333  66.4884 302.0449 15.12143188  1773
STARLINK-70             
1 44281U 19029AY  20035.25001157  .00200873  00000-0  11228-1 0  9996
2 44281  53.0005  98.5090 0000989  70.6679 249.2086 15.12105134 38742
STARLINK-80             
1 44282U 19029AZ  20033.60883663  .00004261  00000-0  18641-3 0  9995
2 44282  53.0206  81.0980 0004906 165.5611 194.5526 15.24157545 37302
STARLINK-56             
1 44283U 19029BA  20035.25001157  .00129420  00000-0  73127-2 0  9993
2 44283  53.0013  99.0213 0001323  77.0936 146.7353 15.12107374 38797
STARLINK-73             
1 44284U 19029BB  20035.25001157  .00113736  00000-0  64415-2 0  9997
2 44284  53.0011  98.9965 0001304  85.7135 132.1156 15.12113915 38781
STARLINK-50             
1 44285U 19029BC  20035.25001157  .00157101  00000-0  88394-2 0  9994
2 44285  52.9995  99.0057 0001196  84.3782 151.4938 15.12104599 39845
STARLINK-75             
1 44286U 19029BD  20035.25001157  .01753965  00000-0  45221-1 0  9997
2 44286  53.0037  95.1843 0005433 292.7235  51.8911 15.35473145 39903
STARLINK-76             
1 44287U 19029BE  20035.25001157  .00203780  00000-0  11388-1 0  9999
2 44287  52.9983  99.2128 0001242  70.3440 243.5095 15.12097676 39847
STARLINK-79             
1 44288U 19029BF  20035.25001157  .00190979  00000-0  10692-1 0  9992
2 44288  53.0041  99.5849 0001292  69.7955 316.0799 15.12101033 39857
STARLINK-48             
1 44289U 19029BG  20035.25001157 -.00024533  00000-0 -11279-2 0  9990
2 44289  52.9983  79.1914 0002038 132.3802 334.4261 15.19568004 40116
STARLINK-78             
1 44290U 19029BH  20035.25001157  .00136520  00000-0  77065-2 0  9995
2 44290  53.0039  99.4803 0000998  74.4741 305.3475 15.12101526 39853
STARLINK-77             
1 44291U 19029BJ  20035.25001157  .00221135  00000-0  12330-1 0  9996
2 44291  53.0044  99.6527 0001597  70.8786 332.9278 15.12087119 39847
STARLINK-81             
1 44292U 19029BK  20035.25001157  .00279751  00000-0  15469-1 0  9990
2 44292  53.0041  99.6800 0001168  70.7473 345.1047 15.12078445 39847
STARLINK-74             
1 44293U 19029BL  20035.25001157  .00159032  00000-0  89445-2 0  9996
2 44293  53.0043  99.5352 0001267  70.9088 284.8923 15.12108434 39849
STARLINK-53             
1 44294U 19029BM  20035.25001157  .00111191  00000-0  62987-2 0  9993
2 44294  52.9977  98.3888 0001604  62.4909 137.4410 15.12121223 39854
STARLINK-1007           
1 44713U 19074A   20035.25001157  .00112138  00000-0  79196-3 0  9992
2 44713  53.0062 109.6738 0002954  21.7173 220.9172 15.73216113 13346
STARLINK-1008           
1 44714U 19074B   20035.25001157  .00285784  00000-0  19733-2 0  9991
2 44714  53.0065 109.6697 0003946  37.4075 209.3971 15.73177279 13348
STARLINK-1009           
1 44715U 19074C   20035.25001157  .00225465  00000-0  15692-2 0  9992
2 44715  53.0059 109.6590 0003213  16.7832 232.5707 15.73176202 13342
STARLINK-1010           
1 44716U 19074D   20035.25001157  .00151904  00000-0  10671-2 0  9991
2 44716  53.0061 109.6556 0003369  34.6662 217.2677 15.73194836 13349
STARLINK-1011           
1 44717U 19074E   20035.25001157 -.00088369  00000-0 -54179-2 0  9999
2 44717  53.0045 117.0672 0001551  63.8894 184.5174 15.10057052 13242
STARLINK-1012           
1 44718U 19074F   20035.25001157  .00178690  00000-0  12505-2 0  9992
2 44718  53.0059 109.6520 0003374  40.8294 211.9142 15.73194736 13342
STARLINK-1013           
1 44719U 19074G   20035.25001157  .00085919  00000-0  60946-3 0  9997
2 44719  53.0060 109.6581 0002611  16.6420 233.6040 15.73226812 13346
STARLINK-1014           
1 44720U 19074H   20035.25001157  .00849028  00000-0  93305-2 0  9992
2 44720  53.0057 110.4498 0004594 285.2476 316.5343 15.60273378 13339
STARLINK-1015           
1 44721U 19074J   20035.25001157  .00188891  00000-0  13203-2 0  9996
2 44721  53.0061 109.6624 0002653  61.3860 187.1582 15.73192015 13340
STARLINK-1016           
1 44722U 19074K   20035.25001157  .00153050  00000-0  10750-2 0  9990
2 44722  53.0060 109.6625 0002603  47.0264 200.7377 15.73196340 13344
STARLINK-1017           
1 44723U 19074L   20035.25001157  .00251224  00000-0  17418-2 0  9991
2 44723  53.0056 109.6676 0005273  19.4711 224.7848 15.73178712 13344
STARLINK-1019           
1 44724U 19074M   20035.25001157  .00143683  00000-0  10098-2 0  9998
2 44724  53.0063 109.6534 0005616 111.7847 141.8233 15.73201118 13347
STARLINK-1020           
1 44725U 19074N   20035.25001157 -.00098775  00000-0 -63721-2 0  9993
2 44725  53.0070 117.0813 0001465  59.9168 344.9332 15.08270101 13236
STARLINK-1021           
1 44726U 19074P   20035.25001157  .00162503  00000-0  11385-2 0  9992
2 44726  53.0062 109.6544 0003963  32.0135 222.4893 15.73219465 13349
STARLINK-1022           
1 44727U 19074Q   20035.25001157  .00351895  00000-0  23020-1 0  9995
2 44727  53.0676 136.6143 0001311  80.0418 134.6418 15.05530355 12972
STARLINK-1023           
1 44728U 19074R   20035.25001157  .00146543  00000-0  10290-2 0  9994
2 44728  53.0064 109.6754 0006767  14.8793 228.5524 15.73202811 13344
STARLINK-1024           
1 44729U 19074S   20035.25001157 -.00096893  00000-0 -58821-2 0  9991
2 44729  53.0083 117.0640 0001604  61.3081 237.4812 15.10467806 13241
STARLINK-1025           
1 44730U 19074T   20035.25001157  .00218640  00000-0  15193-2 0  9992
2 44730  53.0067 109.6753 0006328  29.7168 215.3840 15.73218473 13349
STARLINK-1026           
1 44731U 19074U   20035.25001157  .00139231  00000-0  97730-3 0  9999
2 44731  53.0059 109.6562 0006701 293.9869 317.0278 15.73237270 13348
STARLINK-1027           
1 44732U 19074V   20035.25001157 -.00104183  00000-0 -47171-2 0  9993
2 44732  53.0038 114.5083 0001438  67.7923 268.0024 15.20811152 13274
STARLINK-1028           
1 44733U 19074W   20035.25001157  .01745308  00000-0  11047-1 0  9995
2 44733  53.0049 109.6712 0004779 340.1209 275.2712 15.72961315 13343
STARLINK-1029           
1 44734U 19074X   20035.25001157  .00379045  00000-0  41815-2 0  9993
2 44734  52.9972 112.1537 0001473  60.2218  24.1465 15.61314561 13304
STARLINK-1030           
1 44735U 19074Y   20035.25001157 -.00103145  00000-0 -66339-2 0  9990
2 44735  53.0064 117.0752 0001424  62.5390 359.6591 15.08407771 13239
STARLINK-1031           
1 44736U 19074Z   20035.25001157  .00147836  00000-0  65619-2 0  9994
2 44736  53.0096 116.8281 0001508  75.2166 327.1551 15.20491235 13243
STARLINK-1032           
1 44737U 19074AA  20035.25001157 -.00086963  00000-0 -53096-2 0  9996
2 44737  53.0060 117.0564 0001558  64.9420 200.3792 15.10198128 13248
STARLINK-1033           
1 44738U 19074AB  20035.25001157 -.00088436  00000-0 -57596-2 0  9993
2 44738  53.0094 117.1554 0001534  62.7337 289.8202 15.07856514 13236
STARLINK-1052           
1 44739U 19074AC  20035.25001157 -.00095649  00000-0 -61901-2 0  9993
2 44739  53.0068 117.0844 0001493  59.9584 327.6170 15.08133973 13238
STARLINK-1035           
1 44740U 19074AD  20035.25001157 -.00095427  00000-0 -42739-2 0  9997
2 44740  53.0047 115.4460 0001439  65.3889 295.1395 15.21131415 13267
STARLINK-1036           
1 44741U 19074AE  20035.25001157 -.00092235  00000-0 -56806-2 0  9992
2 44741  53.0032 117.0665 0001533  64.8114 166.7279 15.09917221 13242
STARLINK-1037           
1 44742U 19074AF  20035.25001157 -.00080388  00000-0 -50149-2 0  9993
2 44742  53.0018 117.0558 0001584  55.4129 126.4873 15.09374300 13244
STARLINK-1038           
1 44743U 19074AG  20035.25001157  .00299855  00000-0  19784-1 0  9992
2 44743  52.9969 137.0078 0001287  94.7489 227.9531 15.05493623 12964
STARLINK-1039           
1 44744U 19074AH  20035.25001157  .00431834  00000-0  27950-1 0  9992
2 44744  52.9955 137.0119 0001100  91.5426 195.0575 15.05491422 12964
STARLINK-1040           
1 44745U 19074AJ  20034.50731726  .00019751  00000-0  12080-3 0  9992
2 44745  53.0023 111.8561 0004558  80.8829 279.2706 15.77385398 13248
STARLINK-1041           
1 44746U 19074AK  20035.25001157  .00325616  00000-0  21392-1 0  9998
2 44746  52.9971 137.0065 0000979  75.4920 265.1416 15.05512046 12966
STARLINK-1042           
1 44747U 19074AL  20035.25001157  .00107168  00000-0  72652-2 0  9995
2 44747  53.0644 136.6410 0001173  89.8936 106.6129 15.05571802 12974
STARLINK-1043           
1 44748U 19074AM  20035.08335648  .00052075  00000-0  35684-2 0  9992
2 44748  53.0196 137.6449 0000889 119.2529 109.5614 15.05564635 12943
STARLINK-1044           
1 44749U 19074AN  20035.25001157 -.00089876  00000-0 -60087-2 0  9993
2 44749  53.0108 117.0332 0001626  58.2442 172.0477 15.06903413 13244
STARLINK-1045           
1 44750U 19074AP  20035.25001157  .00432295  00000-0  27973-1 0  9996
2 44750  52.9974 137.0165 0001114  76.1835 192.4452 15.05498149 12969
STARLINK-1046           
1 44751U 19074AQ  20035.25001157  .00437579  00000-0  28561-1 0  9991
2 44751  52.9975 137.0103 0001274 101.2824 203.3467 15.05503483 12964
STARLINK-1047           
1 44752U 19074AR  20035.25001157  .00197816  00000-0  88789-2 0  9998
2 44752  53.0027 116.8550 0002004  86.9808 206.0522 15.19850504 13247
STARLINK-1048           
1 44753U 19074AS  20035.25001157  .00121623  00000-0  85843-3 0  9991
2 44753  53.0064 109.6772 0002510  31.8264 209.9507 15.73194800 13348
STARLINK-1049           
1 44754U 19074AT  20035.25001157  .00305991  00000-0  21067-2 0  9991
2 44754  53.0065 109.6804 0002939  22.6289 218.2451 15.73187850 13344
STARLINK-1050           
1 44755U 19074AU  20035.25001157  .00354446  00000-0  23189-1 0  9997
2 44755  53.0769 136.5509 0001273 105.3769 145.2206 15.05513173 12970
STARLINK-1051           
1 44756U 19074AV  20035.25001157  .00175954  00000-0  12321-2 0  9990
2 44756  53.0065 109.6814 0002581  45.6464 194.4093 15.73191612 13348
STARLINK-1034           
1 44757U 19074AW  20035.25001157 -.00078810  00000-0 -49711-2 0  9999
2 44757  53.0020 117.0517 0001529  56.7724  73.8411 15.08961488 13243
STARLINK-1053           
1 44758U 19074AX  20035.25001157  .00359987  00000-0  23539-1 0  9994
2 44758  53.0387 136.7843 0001090  87.6735  36.9755 15.05501627 12970
STARLINK-1054           
1 44759U 19074AY  20035.25001157  .00497209  00000-0  32230-1 0  9993
2 44759  53.0504 136.7151 0001596  76.7433  83.8987 15.05487399 12976
STARLINK-1055           
1 44760U 19074AZ  20035.25001157  .00409561  00000-0  26583-1 0  9993
2 44760  53.0692 136.5969 0001501  72.3621 160.2418 15.05510044 12971
STARLINK-1056           
1 44761U 19074BA  20035.25001157  .00296960  00000-0  19579-1 0  9998
2 44761  53.0567 136.6819 0001136 105.2683  73.3703 15.05537242 12976
STARLINK-1057           
1 44762U 19074BB  20035.25001157 -.00071434  00000-0 -44822-2 0  9998
2 44762  53.0021 117.0536 0001424  62.9841  84.7726 15.09102037 13242
STARLINK-1058           
1 44763U 19074BC  20035.25001157  .00345394  00000-0  22626-1 0  9993
2 44763  53.0252 136.8578 0001368 125.0985 305.5134 15.05513270 12967
STARLINK-1059           
1 44764U 19074BD  20035.25001157 -.00073941  00000-0 -46241-2 0  9992
2 44764  53.0017 117.0542 0001461  61.0715 103.8352 15.09240825 13243
STARLINK-1060           
1 44765U 19074BE  20035.25001157 -.00101416  00000-0 -64958-2 0  9997
2 44765  53.0053 117.0441 0001563  54.0077  25.4545 15.08547578 13234
STARLINK-1061           
1 44766U 19074BF  20035.25001157  .00335796  00000-0  22024-1 0  9993
2 44766  53.0334 136.8099 0001092  98.1527   8.5035 15.05519837 12960
STARLINK-1062           
1 44767U 19074BG  20035.25001157  .00296054  00000-0  19510-1 0  9993
2 44767  53.0445 136.7427 0001199  94.7400  47.8359 15.05559687 12971
STARLINK-1063           
1 44768U 19074BH  20035.25001157  .00398309  00000-0  25899-1 0  9997
2 44768  53.0049 136.9714 0001181  81.2292 295.3960 15.05502206 12966
STARLINK-1064           
1 44769U 19074BJ  20035.25001157  .00278429  00000-0  18408-1 0  9996
2 44769  53.0014 136.9874 0001007  93.8679 264.8186 15.05534222 12965
STARLINK-1065           
1 44770U 19074BK  20035.25001157  .00318466  00000-0  20945-1 0  9993
2 44770  53.0022 136.9048 0000821  88.5625 306.1204 15.05510434 12964
STARLINK-1067           
1 44771U 19074BL  20035.25001157  .00044540  00000-0  30578-2 0  9997
2 44771  53.0269 136.8438 0001034  89.5046 359.1380 15.05568669 12961
STARLINK-1068           
1 44772U 19074BM  20035.25001157 -.00089799  00000-0 -56971-2 0  9990
2 44772  53.0034 117.0497 0001560  55.3670  58.2561 15.08822948 13231
STARLINK-1073           
1 44914U 20001A   20035.25001157 -.00053385  00000-0 -13733-2 0  9991
2 44914  53.0016 259.0209 0001278  82.3171 176.2246 15.38733438  4418
STARLINK-1084           
1 44915U 20001B   20035.25001157  .00176809  00000-0  41119-2 0  9996
2 44915  53.0006 258.8546 0000985  82.6107  22.9537 15.41172422  4420
STARLINK-1097           
1 44916U 20001C   20035.25001157 -.00043271  00000-0 -10780-2 0  9995
2 44916  52.9990 259.0838 0001182  81.6374 267.5782 15.39614266  4426
STARLINK-1098           
1 44917U 20001D   20035.25001157  .00045491  00000-0  11327-2 0  9998
2 44917  52.9999 259.0589 0001135  92.3987 279.2369 15.39824961  4422
STARLINK-1099           
1 44918U 20001E   20035.25001157 -.00116884  00000-0 -29667-2 0  9992
2 44918  53.0007 259.0647 0001204  89.9790 247.9420 15.39517689  5158
STARLINK-1101           
1 44919U 20001F   20035.25001157 -.00152954  00000-0 -39599-2 0  9996
2 44919  53.0009 259.0215 0001256  90.4596 202.1988 15.39082615  4416
STARLINK-1102           
1 44920U 20001G   20035.25001157 -.00111842  00000-0 -28886-2 0  9996
2 44920  53.0010 259.0077 0001260  85.1388 196.1722 15.38963202  4418
STARLINK-1103           
1 44921U 20001H   20035.25001157 -.00149234  00000-0 -38476-2 0  9999
2 44921  53.0010 259.0336 0001245  90.4038 213.6118 15.39192195  4411
STARLINK-1104           
1 44922U 20001J   20035.25001157 -.00146972  00000-0 -37606-2 0  9990
2 44922  52.9993 259.0467 0001222  87.6816 238.9425 15.39412964  4412
STARLINK-1106           
1 44923U 20001K   20035.25001157 -.00016920  00000-0 -42938-3 0  9995
2 44923  53.0013 259.0540 0001267  79.8880 155.8155 15.38508149  4410
STARLINK-1111           
1 44924U 20001L   20035.25001157 -.00088819  00000-0 -22936-2 0  9997
2 44924  53.0014 259.0140 0001268  85.7104 184.2333 15.38848331  4418
STARLINK-1112           
1 44925U 20001M   20035.25001157  .00009378  00000-0  25401-3 0  9990
2 44925  53.0016 259.1001 0001241  77.1989 147.0244 15.38390270  4417
STARLINK-1113           
1 44926U 20001N   20035.25001157  .00060131  00000-0  14050-2 0  9992
2 44926  53.0006 258.7728 0001034  88.4344  60.7660 15.41626598  5163
STARLINK-1114           
1 44927U 20001P   20035.25001157  .00104244  00000-0  24328-2 0  9996
2 44927  53.0008 258.8113 0001033  82.4544  44.7498 15.41402973  4428
STARLINK-1119           
1 44928U 20001Q   20035.25001157  .00083411  00000-0  19464-2 0  9994
2 44928  53.0006 258.7921 0001034  85.6140  52.3857 15.41517531  4422
STARLINK-1121           
1 44929U 20001R   20035.25001157 -.00030364  00000-0 -77720-3 0  9996
2 44929  53.0015 259.0438 0001272  82.7458 164.3693 15.38620863  4414
STARLINK-1123           
1 44930U 20001S   20035.25001157  .00003681  00000-0  10162-3 0  9995
2 44930  53.0001 259.0663 0001151  86.8032 273.5847 15.39720713  4421
STARLINK-1128           
1 44931U 20001T   20035.25001157  .00047973  00000-0  11204-2 0  9995
2 44931  53.0004 258.7446 0001062  77.4274  82.3320 15.41740010  5164
STARLINK-1130 (DARKSAT) 
1 44932U 20001U   20035.25001157  .00122368  00000-0  28581-2 0  9994
2 44932  53.0012 258.8349 0001020  82.8835  33.5411 15.41289365  5658
STARLINK-1144           
1 44933U 20001V   20035.25001157 -.00147067  00000-0 -37769-2 0  9998
2 44933  53.0008 259.0462 0001241  92.1467 223.2113 15.39301525  5706
STARLINK-1071           
1 44934U 20001W   20035.16667824  .00006514  00000-0  50747-4 0  9990
2 44934  52.9961 257.1906 0006656 323.0659 267.2961 15.73219527  4435
STARLINK-1072           
1 44935U 20001X   20035.16667824  .00002333  00000-0  21010-4 0  9997
2 44935  52.9962 257.1759 0001296  60.3704 177.6596 15.73231902  4439
STARLINK-1078           
1 44936U 20001Y   20035.16667824  .00014525  00000-0  10760-3 0  9993
2 44936  52.9960 257.1875 0001464  61.5451 170.5161 15.73223532  4436
STARLINK-1079           
1 44937U 20001Z   20035.16667824  .00003225  00000-0  27345-4 0  9997
2 44937  52.9961 257.1795 0001373  55.5853 180.7283 15.73238688  4433
STARLINK-1082           
1 44938U 20001AA  20035.16667824  .00004207  00000-0  34320-4 0  9990
2 44938  52.9963 257.2009 0001298  51.3088 174.7968 15.73237240  4431
STARLINK-1083           
1 44939U 20001AB  20035.16667824  .00010670  00000-0  80283-4 0  9991
2 44939  52.9963 257.2047 0001258  55.3411 169.0612 15.73214019  4436
STARLINK-1091           
1 44940U 20001AC  20035.16667824  .00003885  00000-0  32045-4 0  9996
2 44940  52.9961 257.1730 0001176  63.7660 175.0924 15.73229528  4436
STARLINK-1094           
1 44941U 20001AD  20035.16667824  .00001335  00000-0  13923-4 0  9999
2 44941  52.9960 257.1831 0001277  57.2871 176.4574 15.73209237  4433
STARLINK-1096           
1 44942U 20001AE  20035.16667824  .00010701  00000-0  80378-4 0  9995
2 44942  52.9960 257.1766 0008573 318.8346 278.3227 15.73224347  4436
STARLINK-1100           
1 44943U 20001AF  20035.16667824  .00009654  00000-0  73009-4 0  9994
2 44943  52.9963 257.2025 0001399  58.2630 166.9723 15.73234155  4430
STARLINK-1108           
1 44944U 20001AG  20035.16667824  .00006330  00000-0  49438-4 0  9992
2 44944  52.9962 257.1900 0001495  56.3751 174.8658 15.73220551  4431
STARLINK-1109           
1 44945U 20001AH  20035.16667824  .00003269  00000-0  27678-4 0  9993
2 44945  52.9962 257.1723 0001267  53.8197 185.9241 15.73216581  4437
STARLINK-1110           
1 44946U 20001AJ  20035.16667824  .00003510  00000-0  29387-4 0  9992
2 44946  52.9962 257.1936 0001235  51.7829 177.7335 15.73224399  4437
STARLINK-1116           
1 44947U 20001AK  20035.16667824  .00006983  00000-0  54105-4 0  9996
2 44947  52.9961 257.1802 0001429  56.4624 178.9886 15.73208843  4439
STARLINK-1118           
1 44948U 20001AL  20035.16667824  .00005922  00000-0  46502-4 0  9991
2 44948  52.9962 257.1822 0001277  50.3497 184.2549 15.73236483  4432
STARLINK-1122           
1 44949U 20001AM  20035.16667824  .00010390  00000-0  78229-4 0  9998
2 44949  52.9962 257.1971 0001349  57.2071 170.6023 15.73233128  4431
STARLINK-1125           
1 44950U 20001AN  20035.16667824  .00024835  00000-0  18068-3 0  9993
2 44950  52.9961 257.2049 0001446  58.0400 165.4995 15.73215957  4432
STARLINK-1126           
1 44951U 20001AP  20035.16667824  .00020555  00000-0  15026-3 0  9990
2 44951  52.9961 257.1982 0001416  47.0043 179.9433 15.73235000  5727
STARLINK-1117           
1 44952U 20001AQ  20035.16667824  .00004791  00000-0  38499-4 0  9995
2 44952  52.9969 257.1874 0001261  45.9291 186.9485 15.73218926  4436
STARLINK-1124           
1 44953U 20001AR  20035.16667824  .00016937  00000-0  12456-3 0  9995
2 44953  52.9974 254.9029 0001441  65.3599 193.9407 15.73250768  5755
STARLINK-1066           
1 44954U 20001AS  20035.16667824 -.00008171  00000-0 -53740-4 0  9991
2 44954  52.9966 257.1372 0001208  50.5980 206.1466 15.73241013  4376
STARLINK-1069           
1 44955U 20001AT  20035.16667824  .00023782  00000-0  17314-3 0  9991
2 44955  52.9964 257.1416 0001297  47.8527 206.3550 15.73228729  4373
STARLINK-1070           
1 44956U 20001AU  20035.16667824 -.00010470  00000-0 -70142-4 0  9993
2 44956  52.9966 257.1417 0001221  47.8460 207.1979 15.73235660  4433
STARLINK-1074           
1 44957U 20001AV  20035.16667824 -.00009013  00000-0 -59746-4 0  9992
2 44957  52.9963 257.1546 0001313  48.2400 200.0009 15.73239111  4436
STARLINK-1075           
1 44958U 20001AW  20035.16667824 -.00002805  00000-0 -15541-4 0  9990
2 44958  52.9964 257.1514 0001266  49.3992 200.5322 15.73229727  4433
STARLINK-1076           
1 44959U 20001AX  20035.16667824 -.00000542  00000-0  56297-6 0  9991
2 44959  52.9962 257.1615 0001387  51.5178 193.2993 15.73228439  4430
STARLINK-1077           
1 44960U 20001AY  20035.16667824 -.00003693  00000-0 -21864-4 0  9994
2 44960  52.9962 257.1481 0001414  50.1502 200.6186 15.73229978  4436
STARLINK-1080           
1 44961U 20001AZ  20035.16667824  .00000054  00000-0  48053-5 0  9991
2 44961  52.9962 257.1652 0001413  47.4411 195.6738 15.73214167  4434
STARLINK-1081           
1 44962U 20001BA  20035.16667824 -.00005680  00000-0 -36029-4 0  9993
2 44962  52.9964 257.1375 0001567  54.0301 201.8898 15.73220820  4431
STARLINK-1085           
1 44963U 20001BB  20035.16667824 -.00003696  00000-0 -21902-4 0  9993
2 44963  52.9965 257.1442 0001450  47.1100 206.2239 15.73212793  5179
STARLINK-1086           
1 44964U 20001BC  20035.16667824 -.00011734  00000-0 -79250-4 0  9995
2 44964  52.9962 257.1446 0001342  52.7802 199.7024 15.73208494  4431
STARLINK-1087           
1 44965U 20001BD  20035.16667824 -.00007431  00000-0 -48470-4 0  9995
2 44965  52.9963 257.1564 0001333  45.9977 201.3957 15.73239537  5170
STARLINK-1088           
1 44966U 20001BE  20035.16667824 -.00004055  00000-0 -24347-4 0  9992
2 44966  52.9962 257.1582 0005873 322.0067 284.5333 15.73239909  4434
STARLINK-1089           
1 44967U 20001BF  20035.16667824 -.00001059  00000-0 -31144-5 0  9998
2 44967  52.9960 257.1674 0001230  44.2114 197.2076 15.73237047  4439
STARLINK-1090           
1 44968U 20001BG  20035.16667824  .00000087  00000-0  50388-5 0  9998
2 44968  52.9962 257.1668 0001539  56.0873 186.1738 15.73223193  4439
STARLINK-1092           
1 44969U 20001BH  20035.16667824 -.00006250  00000-0 -40090-4 0  9997
2 44969  52.9962 257.1625 0001269  49.3631 194.6144 15.73222358  4437
STARLINK-1093           
1 44970U 20001BJ  20035.16667824 -.00002356  00000-0 -12348-4 0  9997
2 44970  52.9962 257.1511 0001513  51.6066 197.4958 15.73218486  4434
STARLINK-1095           
1 44971U 20001BK  20035.16667824  .00018180  00000-0  13351-3 0  9992
2 44971  52.9963 257.1477 0001464  49.2221 202.4293 15.73223244  4435
STARLINK-1107           
1 44972U 20001BL  20035.16667824  .00000014  00000-0  45743-5 0  9992
2 44972  52.9961 257.1702 0006391 321.4656 279.0949 15.73235404  4435
STARLINK-1115           
1 44973U 20001BM  20035.16667824 -.00008565  00000-0 -56570-4 0  9993
2 44973  52.9961 257.1589 0001207  44.8587 200.8299 15.73233516  4431
FALCON 9 DEB            
1 44974U 20001BN  20034.71924774  .00105518  16177-4  17967-3 0  9990
2 44974  52.9941 255.3747 0005498  40.2489 319.8947 16.02422275  4428
FALCON 9 DEB            
1 44975U 20001BP  20035.02716106  .00046087  12355-4  80754-4 0  9998
2 44975  52.9950 253.7319 0007833  53.5628 306.6122 16.02607365  4472
FALCON 9 DEB            
1 44976U 20001BQ  20035.07271771  .00074093  13870-4  11768-3 0  9997
2 44976  52.9934 253.2960 0003453  67.9202 292.2195 16.03840132  4486
FALCON 9 DEB            
1 44977U 20001BR  20034.69010603  .00143714  20549-4  21280-3 0  9998
2 44977  52.9938 255.1814 0004621 106.6669 253.4869 16.04613578  4420
