ISS (ZARYA)             
1 25544U 98067A   20035.19384117  .00001565  00000-0  36427-4 0  9997
2 25544  51.6434 291.4521 0005311 227.6020 282.6699 15.49140872211241
NSIGHT                  
1 42726U 98067MF  20034.45791243  .00079220  00000-0  30231-3 0  9997
2 42726  51.6287 203.1364 0002825 319.8604  40.2191 15.86804654154081
KESTREL EYE IIM (KE2M)  
1 42982U 98067NE  20034.99865934  .00009443  00000-0  93165-4 0  9995
2 42982  51.6348 246.1140 0002996 292.6633  67.4046 15.66709821129979
ASTERIA                 
1 43020U 98067NH  20034.77219519  .00048896  00000-0  19573-3 0  9992
2 43020  51.6392 213.9103 0001852 286.2058  73.8743 15.86017642126150
DELLINGR (RBLE)         
1 43021U 98067NJ  20034.59675393  .00011183  00000-0  10705-3 0  9996
2 43021  51.6357 247.2409 0001404 238.0477 122.0383 15.67240237125696
1KUNS-PF                
1 43466U 98067NP  20034.96373838  .00047123  00000-0  26509-3 0  9991
2 43466  51.6311 236.7690 0001131 215.8475 144.2450 15.78733813 99120
UBAKUSAT                
1 43467U 98067NQ  20034.97975616  .00016692  00000-0  14592-3 0  9991
2 43467  51.6335 250.4812 0001823 202.4230 157.6688 15.69068446 98959
BATSU-CS1 (IRAZU)       
1 43468U 98067NR  20034.66239531  .00197355  26265-4  50573-3 0  9997
2 43468  51.6293 224.0567 0003648 246.7818 113.2806 15.94884410199257
CUBERRT                 
1 43546U 98067NU  20034.98923944  .00013642  00000-0  11955-3 0  9999
2 43546  51.6351 249.0525 0002877 291.4452  68.6238 15.69202340 89106
TEMPEST-D               
1 43547U 98067NV  20035.02158083  .00004576  00000-0  60619-4 0  9998
2 43547  51.6370 269.5822 0004357 266.8766  93.1729 15.60504260 88513
RAINCUBE                
1 43548U 98067NW  20034.97843124  .00017256  00000-0  15842-3 0  9995
2 43548  51.6342 257.2110 0003645 280.2280  79.8305 15.67830247 89120
HALOSAT                 
1 43549U 98067NX  20035.00015076  .00014959  00000-0  13905-3 0  9993
2 43549  51.6357 257.3990 0003596 283.2191  76.8404 15.67652310 88683
RADIX                   
1 43550U 98067NY  20034.00197994  .00084028  00000-0  35962-3 0  9995
2 43550  51.6311 242.2226 0002474 260.4864  99.5860 15.84407737 89250
ENDUROSAT ONE           
1 43551U 98067NZ  20034.99882228  .00024461  00000-0  19355-3 0  9998
2 43551  51.6337 251.3494 0003464 292.8325  67.2307 15.71192779 89170
EQUISAT                 
1 43552U 98067PA  20035.01582102  .00016834  00000-0  15366-3 0  9994
2 43552  51.6365 256.0440 0004093 292.2582  67.7981 15.67992950 89079
1998-067PB              
1 43553U 98067PB  20035.00839499  .00011688  00000-0  12069-3 0  9997
2 43553  51.6395 260.5881 0004561 289.9024  70.1480 15.65271528 89066
1998-067PC              
1 43554U 98067PC  20034.96004843  .00027246  00000-0  20739-3 0  9999
2 43554  51.6344 250.3337 0003436 290.8844  69.1786 15.72051452 88724
AEROCUBE 12A            
1 43556U 18046C   20035.04370610  .00001416  00000-0  61453-4 0  9998
2 43556  51.6432  31.1763 0008312 171.0596 189.0534 15.29364294 86807
AEROCUBE 12B            
1 43557U 18046D   20034.03670809  .00000460  00000-0  28574-4 0  9995
2 43557  51.6431  36.4464 0008416 166.8516 193.2685 15.29142861 86596
LEMUR-2-VU              
1 43558U 18046E   20035.04039962  .00002843  00000-0  10757-3 0  9997
2 43558  51.6425  28.9657 0007532 174.2195 185.8874 15.30353532 86828
LEMUR-2-ALEXANDER       
1 43559U 18046F   20035.14720642  .00001755  00000-0  70853-4 0  9996
2 43559  51.6418  28.1881 0007498 173.9758 186.1314 15.30473883 86627
LEMUR-2-YUASA           
1 43560U 18046G   20034.98773439  .00003380  00000-0  12594-3 0  9994
2 43560  51.6419  29.3567 0007782 187.9639 172.1220 15.30250570 86811
LEMUR-2-TOMHENDERSON    
1 43561U 18046H   20034.01100383  .00002544  00000-0  97959-4 0  9991
2 43561  51.6415  34.0871 0007895 183.6217 176.4708 15.30211732 86229
SIRIUSSAT-1             
1 43595U 98067PG  20034.99671376  .00016947  00000-0  15652-3 0  9992
2 43595  51.6334 258.8076 0002239 244.9033 115.1731 15.67700333 83888
SIRIUSSAT-2             
1 43596U 98067PH  20034.98626231  .00018240  00000-0  16870-3 0  9993
2 43596  51.6345 259.5498 0002657 246.5463 113.5254 15.67602583 83875
TANUSHA-3               
1 43597U 98067PJ  20034.98720216  .00028341  00000-0  21640-3 0  9996
2 43597  51.6313 253.4224 0002059 255.4211 104.6559 15.71956894 83957
1998-067PK              
1 43598U 98067PK  20035.00318883  .00031159  00000-0  23208-3 0  9997
2 43598  51.6327 252.8171 0002165 252.6763 107.3998 15.72491943 83964
1998-067PN              
1 43638U 98067PN  20035.04303115  .00007999  00000-0  98069-4 0  9991
2 43638  51.6363 270.4653 0001935 228.4992 131.5836 15.61356770 75652
1998-067PP              
1 43639U 98067PP  20034.06509701  .00013400  00000-0  14284-3 0  9992
2 43639  51.6367 270.6998 0003921 234.5968 125.4661 15.64307107 75571
STARS-ME                
1 43640U 98067PQ  20034.74415254  .00009462  00000-0  11012-3 0  9997
2 43640  51.6357 269.9477 0004279 233.0731 126.9871 15.62464529 75641
ISS DEB (SEDA-AP)       
1 43870U 98067PU  20035.05202466  .00003541  00000-0  55272-4 0  9995
2 43870  51.6410 279.5510 0003630 259.2935 100.7638 15.56786278 63703
CATSAT-2                
1 44029U 98067PV  20034.93300577  .00011387  00000-0  13800-3 0  9997
2 44029  51.6384 275.7790 0003330 293.6202  66.4442 15.61162382 57483
DELPHINI                
1 44030U 98067PW  20034.95166293  .00012942  00000-0  15306-3 0  9997
2 44030  51.6356 275.0950 0003139 286.7087  73.3562 15.61658784 57460
UNITE                   
1 44031U 98067PX  20034.72638770  .00008003  00000-0  10784-3 0  9995
2 44031  51.6374 279.6222 0002323 284.0053  76.0682 15.58832169 57382
TECHEDSAT 8             
1 44032U 98067PY  20034.89915335  .00071159  00000-0  43562-3 0  9991
2 44032  51.6298 261.1730 0002396 233.9723 126.1055 15.76662873 57626
CATSAT-1                
1 44033U 98067PZ  20034.93282949  .00012034  00000-0  14541-3 0  9997
2 44033  51.6386 275.7814 0003233 292.5391  67.5260 15.61176187 57394
ISS DEB                 
1 44303U 98067QA  20035.17844745  .00003279  00000-0  58579-4 0  9993
2 44303  51.6416 287.9397 0005755 182.4300 177.6663 15.53221351 38885
ISS DEB                 
1 44304U 98067QB  20034.96445114  .00013368  00000-0  18787-3 0  9993
2 44304  51.6399 285.7654 0006047 164.1514 195.9668 15.57018573 38902
ISS DEB                 
1 44305U 98067QC  20035.15695908  .00016228  00000-0  21514-3 0  9994
2 44305  51.6369 283.2230 0004086 213.7370 146.3363 15.58414327 38950
ISS DEB                 
1 44306U 98067QD  20035.06972321  .00003695  00000-0  65244-4 0  9995
2 44306  51.6404 288.6806 0007165 179.6109 180.4888 15.53142764 38870
RAAVANA-1               
1 44329U 98067QE  20034.95130327  .00007684  00000-0  11818-3 0  9998
2 44329  51.6399 287.1534 0006320 212.7768 147.2832 15.55277129 36056
UGUISU                  
1 44330U 98067QF  20034.70087735  .00008555  00000-0  13106-3 0  9997
2 44330  51.6398 288.4788 0006297 210.4205 149.6422 15.55215789 35993
NEPALISAT-1             
1 44331U 98067QG  20034.94623759  .00007591  00000-0  11671-3 0  9990
2 44331  51.6398 287.1199 0006294 214.2679 145.7907 15.55308195 36046
SPOOQY-1                
1 44332U 98067QH  20034.94408521  .00007427  00000-0  11448-3 0  9999
2 44332  51.6397 287.1023 0005145 215.1771 144.8881 15.55279000 36008
PINOT                   
1 44364U 98067QJ  20034.83423292  .00004732  00000-0  81878-4 0  9995
2 44364  51.6475 290.1142 0007588 180.1833 179.9146 15.52991933 34418
IOD-1 GEMS              
1 44385U 98067QK  20035.07166220  .00012053  00000-0  17538-3 0  9996
2 44385  51.6407 286.4850 0003316 172.3350 187.7693 15.56191353 33530
SWIATOWID               
1 44426U 98067QL  20035.21384348  .00015513  00000-0  22159-3 0  9990
2 44426  51.6417 285.7344 0004006 167.5843 283.5717 15.56441245 33571
KRAKSAT                 
1 44427U 98067QM  20035.08218871  .00005911  00000-0  96870-4 0  9996
2 44427  51.6413 288.0478 0004047 165.3879 194.7229 15.54011341 33571
VCC A                   
1 44428U 98067QN  20035.08742970  .00007601  00000-0  11919-3 0  9997
2 44428  51.6411 287.3362 0003138 180.9156 179.1830 15.54764668 33588
ENTRYSAT                
1 44429U 98067QP  20035.18471759  .00009044  00000-0  13798-3 0  9993
2 44429  51.6402 286.4775 0003098 171.6277 188.4766 15.55256064 33604
VCC C                   
1 44430U 98067QQ  20035.16564116  .00011530  00000-0  17089-3 0  9993
2 44430  51.6406 286.3559 0003129 181.3114 178.7870 15.55738069 32429
VCC B                   
1 44431U 98067QR  20034.12502513  .00008559  00000-0  13334-3 0  9998
2 44431  51.6409 292.1536 0003299 177.2170 182.8840 15.54755949 33370
SOYUZ-MS 13             
1 44437U 19041A   20032.21698639  .00002335  00000-0  50336-4 0  9992
2 44437  51.6430 306.1847 0005445 218.4206 239.3101 15.49129305 30330
SOYUZ-MS 15             
1 44550U 19064A   20032.21698639  .00002335  00000-0  50336-4 0  9993
2 44550  51.6430 306.1847 0005445 218.4206 239.3101 15.49129305 19951
CYGNUS NG-12            
1 44701U 19071A   20032.49540149  .00002943  00000-0  10000-3 0  9999
2 44701  51.6458 304.8850 0009483 270.8025 263.1605 15.33789959 14101
ISS DEB                 
1 44788U 98067QT  20034.71081970  .00013889  00000-0  23394-3 0  9996
2 44788  51.6414 293.0427 0005889 202.9820 157.0815 15.51976137 12447
ISS DEB                 
1 44789U 98067QU  20034.97556188  .00007591  00000-0  13253-3 0  9999
2 44789  51.6447 291.8212 0006730 208.9697 151.0734 15.51735777 12476
RWASAT-1                
1 44790U 98067QV  20035.18962063 -.00000468  00000-0  00000+0 0  9997
2 44790  51.6407 290.7034 0007253 238.3517 256.3484 15.51405266 11773
AQT-D                   
1 44791U 98067QW  20035.10985319  .00003260  00000-0  62618-4 0  9999
2 44791  51.6417 291.2132 0003037 200.3662 159.7207 15.51128794 11762
NARSSCUBE-1             
1 44792U 98067QV  20034.71966167  .00006702  00000-0  11899-3 0  9994
2 44792  51.6414 293.1063 0005358 223.6672 136.3894 15.51483605 11703
PROGRESS-MS 13          
1 44833U 19085A   20032.21698639  .00002335  00000-0  50336-4 0  9990
2 44833  51.6430 306.1847 0005445 218.4206 239.3101 15.49129305  8795
STPSAT-4                
1 45043U 98067QY  20034.97322124  .00002698  00000-0  56769-4 0  9997
2 45043  51.6434 292.5403 0005495 227.1395 132.9134 15.49194081   979
