TDRS 3                  
1 19548U 88091B   20034.23244494 -.00000290  00000-0  00000-0 0  9996
2 19548  14.2422 358.6332 0040177 318.0876 210.8405  1.00279004102080
HST                     
1 20580U 90037B   20033.68834705  .00000424  00000-0  14811-4 0  9992
2 20580  28.4692 137.5904 0002927  70.5196  74.6324 15.09332696435434
TDRS 5                  
1 21639U 91054B   20034.74150282  .00000092  00000-0  00000+0 0  9998
2 21639  14.2921  11.9074 0025415 352.7293 227.9488  1.00272359104398
TDRS 6                  
1 22314U 93003B   20034.80724295 -.00000287  00000-0  00000+0 0  9990
2 22314  14.0050  15.0214 0005118  44.8471 318.2050  1.00276012 99062
TDRS 7                  
1 23613U 95035B   20034.00731810 -.00000193  00000-0  00000-0 0  9990
2 23613  14.2197   5.7243 0030160  18.0305 196.1356  1.00277898 89920
ISS (ZARYA)             
1 25544U 98067A   20035.19384117  .00001565  00000-0  36427-4 0  9997
2 25544  51.6434 291.4521 0005311 227.6020 282.6699 15.49140872211241
LANDSAT 7               
1 25682U 99020A   20035.16963739  .00000009  00000-0  11909-4 0  9990
2 25682  98.1009 101.6874 0001084  93.2805 266.8523 14.57165834106686
TERRA                   
1 25994U 99068A   20035.12768995  .00000067  00000-0  24893-4 0  9991
2 25994  98.2047 111.2526 0001683 104.5897 255.5486 14.57089553 70752
TDRS 8                  
1 26388U 00034A   20034.54719244 -.00000226  00000-0  00000+0 0  9999
2 26388   9.0217  48.4883 0017504 297.8794  73.0889  1.00267234 71857
TIMED                   
1 26998U 01055B   20034.88126749  .00000106  00000-0  15523-4 0  9996
2 26998  74.0711 201.0851 0002040 293.9164  66.1803 14.88164994984529
TDRS 9                  
1 27389U 02011A   20034.51683432 -.00000281  00000-0  00000+0 0  9995
2 27389   7.2112  68.6872 0026683 268.2049 279.8222  1.00280251 67113
AQUA                    
1 27424U 02022A   20035.08971157  .00000073  00000-0  26245-4 0  9996
2 27424  98.2210 337.6227 0002736  60.3090 359.6129 14.57109163944356
TDRS 10                 
1 27566U 02055A   20034.24950451  .00000097  00000-0  00000-0 0  9993
2 27566   6.6725  54.2472 0009422 272.4656  84.9429  1.00266691 62901
SORCE                   
1 27651U 03004A   20034.97206843  .00000031  00000-0  17423-4 0  9991
2 27651  39.9969 359.9684 0023011 156.9285 203.2542 14.89076358924188
AURA                    
1 28376U 04026A   20035.08392790  .00000082  00000-0  28241-4 0  9997
2 28376  98.2216 339.7776 0001322  72.9340 287.2004 14.57111970827401
SWIFT                   
1 28485U 04047A   20033.90675111  .00000799  00000-0  24148-4 0  9998
2 28485  20.5559 253.7213 0011243 142.3652 217.7570 15.04530994833050
THEMIS A                
1 30580U 07004A   20034.18426125 -.00000014  00000-0  00000+0 0  9990
2 30580  12.7529  59.3579 8406840   3.7783   0.1200  0.87836734 45514
THEMIS D                
1 30797U 07004D   20034.87500000 -.00000020  00000-0  00000+0 0  9998
2 30797  11.9012  36.9931 8511575  28.2311 247.2477  0.75218870 45079
THEMIS E                
1 30798U 07004E   20033.02786937 -.00000085  00000-0  00000+0 0  9991
2 30798  10.6494  47.7412 8443681  19.7554 359.4417  0.81732191 45489
AIM                     
1 31304U 07015A   20035.09631626  .00000601  00000-0  37646-4 0  9994
2 31304  97.9263 272.7049 0006589  95.6881 264.5101 15.13409865700362
FGRST (GLAST)           
1 33053U 08029A   20035.07745766  .00000455  00000-0  92299-5 0  9995
2 33053  25.5829 295.4473 0012089 251.6718 108.2502 15.11298663642980
WISE                    
1 36119U 09071A   20035.07249199  .00000611  00000-0  23652-4 0  9998
2 36119  97.3464  73.0045 0003869 122.8739 237.2875 15.29917781563279
TDRS 11                 
1 39070U 13004A   20034.75033788  .00000093  00000-0  00000+0 0  9998
2 39070   4.0279 331.1549 0004193 354.8112 263.1283  1.00268779 25664
TDRS 12                 
1 39504U 14004A   20035.00948182 -.00000255  00000-0  00000+0 0  9994
2 39504   4.8220 337.6216 0001455 269.1107 209.3797  1.00275751 22131
GPM-CORE                
1 39574U 14009C   20035.04333151  .00001482  00000-0  25445-4 0  9991
2 39574  65.0036 248.7297 0012051 290.1327  69.8523 15.56012297337141
MMS 1                   
1 40482U 15011A   20034.87500000 -.00001962  00000-0  00000+0 0  9993
2 40482  24.3940 120.4122 8777922  17.9038 284.4507  0.28561641 10828
MMS 2                   
1 40483U 15011B   20034.87500000 -.00001962  00000-0  00000+0 0  9994
2 40483  24.3911 120.4123 8776862  17.9010 284.4556  0.28561634 10804
MMS 3                   
1 40484U 15011C   20034.87500000 -.00001962  00000-0  00000+0 0  9995
2 40484  24.3946 120.4060 8777259  17.9150 284.4394  0.28561877 10808
MMS 4                   
1 40485U 15011D   20034.87500000 -.00001962  00000-0  00000+0 0  9996
2 40485  24.3912 120.4159 8777261  17.9050 284.4369  0.28561606 10816
TDRS 13                 
1 42915U 17047A   20035.07529748 -.00000084  00000-0  00000+0 0  9994
2 42915   5.7793 330.1894 0013074  75.8945 103.3249  1.00272353  9065
JPSS-1                  
1 43013U 17073A   20035.08232959 -.00000003  00000-0  19540-4 0  9994
2 43013  98.7449 334.9784 0001234  65.9255 294.2050 14.19538926114594
