STARLINK-1073           
1 44914U 20001A   20035.25001157 -.00053385  00000-0 -13733-2 0  9991
2 44914  53.0016 259.0209 0001278  82.3171 176.2246 15.38733438  4418
STARLINK-1084           
1 44915U 20001B   20035.25001157  .00176809  00000-0  41119-2 0  9996
2 44915  53.0006 258.8546 0000985  82.6107  22.9537 15.41172422  4420
STARLINK-1097           
1 44916U 20001C   20035.25001157 -.00043271  00000-0 -10780-2 0  9995
2 44916  52.9990 259.0838 0001182  81.6374 267.5782 15.39614266  4426
STARLINK-1098           
1 44917U 20001D   20035.25001157  .00045491  00000-0  11327-2 0  9998
2 44917  52.9999 259.0589 0001135  92.3987 279.2369 15.39824961  4422
STARLINK-1099           
1 44918U 20001E   20035.25001157 -.00116884  00000-0 -29667-2 0  9992
2 44918  53.0007 259.0647 0001204  89.9790 247.9420 15.39517689  5158
STARLINK-1101           
1 44919U 20001F   20035.25001157 -.00152954  00000-0 -39599-2 0  9996
2 44919  53.0009 259.0215 0001256  90.4596 202.1988 15.39082615  4416
STARLINK-1102           
1 44920U 20001G   20035.25001157 -.00111842  00000-0 -28886-2 0  9996
2 44920  53.0010 259.0077 0001260  85.1388 196.1722 15.38963202  4418
STARLINK-1103           
1 44921U 20001H   20035.25001157 -.00149234  00000-0 -38476-2 0  9999
2 44921  53.0010 259.0336 0001245  90.4038 213.6118 15.39192195  4411
STARLINK-1104           
1 44922U 20001J   20035.25001157 -.00146972  00000-0 -37606-2 0  9990
2 44922  52.9993 259.0467 0001222  87.6816 238.9425 15.39412964  4412
STARLINK-1106           
1 44923U 20001K   20035.25001157 -.00016920  00000-0 -42938-3 0  9995
2 44923  53.0013 259.0540 0001267  79.8880 155.8155 15.38508149  4410
STARLINK-1111           
1 44924U 20001L   20035.25001157 -.00088819  00000-0 -22936-2 0  9997
2 44924  53.0014 259.0140 0001268  85.7104 184.2333 15.38848331  4418
STARLINK-1112           
1 44925U 20001M   20035.25001157  .00009378  00000-0  25401-3 0  9990
2 44925  53.0016 259.1001 0001241  77.1989 147.0244 15.38390270  4417
STARLINK-1113           
1 44926U 20001N   20035.25001157  .00060131  00000-0  14050-2 0  9992
2 44926  53.0006 258.7728 0001034  88.4344  60.7660 15.41626598  5163
STARLINK-1114           
1 44927U 20001P   20035.25001157  .00104244  00000-0  24328-2 0  9996
2 44927  53.0008 258.8113 0001033  82.4544  44.7498 15.41402973  4428
STARLINK-1119           
1 44928U 20001Q   20035.25001157  .00083411  00000-0  19464-2 0  9994
2 44928  53.0006 258.7921 0001034  85.6140  52.3857 15.41517531  4422
STARLINK-1121           
1 44929U 20001R   20035.25001157 -.00030364  00000-0 -77720-3 0  9996
2 44929  53.0015 259.0438 0001272  82.7458 164.3693 15.38620863  4414
STARLINK-1123           
1 44930U 20001S   20035.25001157  .00003681  00000-0  10162-3 0  9995
2 44930  53.0001 259.0663 0001151  86.8032 273.5847 15.39720713  4421
STARLINK-1128           
1 44931U 20001T   20035.25001157  .00047973  00000-0  11204-2 0  9995
2 44931  53.0004 258.7446 0001062  77.4274  82.3320 15.41740010  5164
STARLINK-1130 (DARKSAT) 
1 44932U 20001U   20035.25001157  .00122368  00000-0  28581-2 0  9994
2 44932  53.0012 258.8349 0001020  82.8835  33.5411 15.41289365  5658
STARLINK-1144           
1 44933U 20001V   20035.25001157 -.00147067  00000-0 -37769-2 0  9998
2 44933  53.0008 259.0462 0001241  92.1467 223.2113 15.39301525  5706
STARLINK-1071           
1 44934U 20001W   20035.16667824  .00006514  00000-0  50747-4 0  9990
2 44934  52.9961 257.1906 0006656 323.0659 267.2961 15.73219527  4435
STARLINK-1072           
1 44935U 20001X   20035.16667824  .00002333  00000-0  21010-4 0  9997
2 44935  52.9962 257.1759 0001296  60.3704 177.6596 15.73231902  4439
STARLINK-1078           
1 44936U 20001Y   20035.16667824  .00014525  00000-0  10760-3 0  9993
2 44936  52.9960 257.1875 0001464  61.5451 170.5161 15.73223532  4436
STARLINK-1079           
1 44937U 20001Z   20035.16667824  .00003225  00000-0  27345-4 0  9997
2 44937  52.9961 257.1795 0001373  55.5853 180.7283 15.73238688  4433
STARLINK-1082           
1 44938U 20001AA  20035.16667824  .00004207  00000-0  34320-4 0  9990
2 44938  52.9963 257.2009 0001298  51.3088 174.7968 15.73237240  4431
STARLINK-1083           
1 44939U 20001AB  20035.16667824  .00010670  00000-0  80283-4 0  9991
2 44939  52.9963 257.2047 0001258  55.3411 169.0612 15.73214019  4436
STARLINK-1091           
1 44940U 20001AC  20035.16667824  .00003885  00000-0  32045-4 0  9996
2 44940  52.9961 257.1730 0001176  63.7660 175.0924 15.73229528  4436
STARLINK-1094           
1 44941U 20001AD  20035.16667824  .00001335  00000-0  13923-4 0  9999
2 44941  52.9960 257.1831 0001277  57.2871 176.4574 15.73209237  4433
STARLINK-1096           
1 44942U 20001AE  20035.16667824  .00010701  00000-0  80378-4 0  9995
2 44942  52.9960 257.1766 0008573 318.8346 278.3227 15.73224347  4436
STARLINK-1100           
1 44943U 20001AF  20035.16667824  .00009654  00000-0  73009-4 0  9994
2 44943  52.9963 257.2025 0001399  58.2630 166.9723 15.73234155  4430
STARLINK-1108           
1 44944U 20001AG  20035.16667824  .00006330  00000-0  49438-4 0  9992
2 44944  52.9962 257.1900 0001495  56.3751 174.8658 15.73220551  4431
STARLINK-1109           
1 44945U 20001AH  20035.16667824  .00003269  00000-0  27678-4 0  9993
2 44945  52.9962 257.1723 0001267  53.8197 185.9241 15.73216581  4437
STARLINK-1110           
1 44946U 20001AJ  20035.16667824  .00003510  00000-0  29387-4 0  9992
2 44946  52.9962 257.1936 0001235  51.7829 177.7335 15.73224399  4437
STARLINK-1116           
1 44947U 20001AK  20035.16667824  .00006983  00000-0  54105-4 0  9996
2 44947  52.9961 257.1802 0001429  56.4624 178.9886 15.73208843  4439
STARLINK-1118           
1 44948U 20001AL  20035.16667824  .00005922  00000-0  46502-4 0  9991
2 44948  52.9962 257.1822 0001277  50.3497 184.2549 15.73236483  4432
STARLINK-1122           
1 44949U 20001AM  20035.16667824  .00010390  00000-0  78229-4 0  9998
2 44949  52.9962 257.1971 0001349  57.2071 170.6023 15.73233128  4431
STARLINK-1125           
1 44950U 20001AN  20035.16667824  .00024835  00000-0  18068-3 0  9993
2 44950  52.9961 257.2049 0001446  58.0400 165.4995 15.73215957  4432
STARLINK-1126           
1 44951U 20001AP  20035.16667824  .00020555  00000-0  15026-3 0  9990
2 44951  52.9961 257.1982 0001416  47.0043 179.9433 15.73235000  5727
STARLINK-1117           
1 44952U 20001AQ  20035.16667824  .00004791  00000-0  38499-4 0  9995
2 44952  52.9969 257.1874 0001261  45.9291 186.9485 15.73218926  4436
STARLINK-1124           
1 44953U 20001AR  20035.16667824  .00016937  00000-0  12456-3 0  9995
2 44953  52.9974 254.9029 0001441  65.3599 193.9407 15.73250768  5755
STARLINK-1066           
1 44954U 20001AS  20035.16667824 -.00008171  00000-0 -53740-4 0  9991
2 44954  52.9966 257.1372 0001208  50.5980 206.1466 15.73241013  4376
STARLINK-1069           
1 44955U 20001AT  20035.16667824  .00023782  00000-0  17314-3 0  9991
2 44955  52.9964 257.1416 0001297  47.8527 206.3550 15.73228729  4373
STARLINK-1070           
1 44956U 20001AU  20035.16667824 -.00010470  00000-0 -70142-4 0  9993
2 44956  52.9966 257.1417 0001221  47.8460 207.1979 15.73235660  4433
STARLINK-1074           
1 44957U 20001AV  20035.16667824 -.00009013  00000-0 -59746-4 0  9992
2 44957  52.9963 257.1546 0001313  48.2400 200.0009 15.73239111  4436
STARLINK-1075           
1 44958U 20001AW  20035.16667824 -.00002805  00000-0 -15541-4 0  9990
2 44958  52.9964 257.1514 0001266  49.3992 200.5322 15.73229727  4433
STARLINK-1076           
1 44959U 20001AX  20035.16667824 -.00000542  00000-0  56297-6 0  9991
2 44959  52.9962 257.1615 0001387  51.5178 193.2993 15.73228439  4430
STARLINK-1077           
1 44960U 20001AY  20035.16667824 -.00003693  00000-0 -21864-4 0  9994
2 44960  52.9962 257.1481 0001414  50.1502 200.6186 15.73229978  4436
STARLINK-1080           
1 44961U 20001AZ  20035.16667824  .00000054  00000-0  48053-5 0  9991
2 44961  52.9962 257.1652 0001413  47.4411 195.6738 15.73214167  4434
STARLINK-1081           
1 44962U 20001BA  20035.16667824 -.00005680  00000-0 -36029-4 0  9993
2 44962  52.9964 257.1375 0001567  54.0301 201.8898 15.73220820  4431
STARLINK-1085           
1 44963U 20001BB  20035.16667824 -.00003696  00000-0 -21902-4 0  9993
2 44963  52.9965 257.1442 0001450  47.1100 206.2239 15.73212793  5179
STARLINK-1086           
1 44964U 20001BC  20035.16667824 -.00011734  00000-0 -79250-4 0  9995
2 44964  52.9962 257.1446 0001342  52.7802 199.7024 15.73208494  4431
STARLINK-1087           
1 44965U 20001BD  20035.16667824 -.00007431  00000-0 -48470-4 0  9995
2 44965  52.9963 257.1564 0001333  45.9977 201.3957 15.73239537  5170
STARLINK-1088           
1 44966U 20001BE  20035.16667824 -.00004055  00000-0 -24347-4 0  9992
2 44966  52.9962 257.1582 0005873 322.0067 284.5333 15.73239909  4434
STARLINK-1089           
1 44967U 20001BF  20035.16667824 -.00001059  00000-0 -31144-5 0  9998
2 44967  52.9960 257.1674 0001230  44.2114 197.2076 15.73237047  4439
STARLINK-1090           
1 44968U 20001BG  20035.16667824  .00000087  00000-0  50388-5 0  9998
2 44968  52.9962 257.1668 0001539  56.0873 186.1738 15.73223193  4439
STARLINK-1092           
1 44969U 20001BH  20035.16667824 -.00006250  00000-0 -40090-4 0  9997
2 44969  52.9962 257.1625 0001269  49.3631 194.6144 15.73222358  4437
STARLINK-1093           
1 44970U 20001BJ  20035.16667824 -.00002356  00000-0 -12348-4 0  9997
2 44970  52.9962 257.1511 0001513  51.6066 197.4958 15.73218486  4434
STARLINK-1095           
1 44971U 20001BK  20035.16667824  .00018180  00000-0  13351-3 0  9992
2 44971  52.9963 257.1477 0001464  49.2221 202.4293 15.73223244  4435
STARLINK-1107           
1 44972U 20001BL  20035.16667824  .00000014  00000-0  45743-5 0  9992
2 44972  52.9961 257.1702 0006391 321.4656 279.0949 15.73235404  4435
STARLINK-1115           
1 44973U 20001BM  20035.16667824 -.00008565  00000-0 -56570-4 0  9993
2 44973  52.9961 257.1589 0001207  44.8587 200.8299 15.73233516  4431
FALCON 9 DEB            
1 44974U 20001BN  20034.71924774  .00105518  16177-4  17967-3 0  9990
2 44974  52.9941 255.3747 0005498  40.2489 319.8947 16.02422275  4428
FALCON 9 DEB            
1 44975U 20001BP  20035.02716106  .00046087  12355-4  80754-4 0  9998
2 44975  52.9950 253.7319 0007833  53.5628 306.6122 16.02607365  4472
FALCON 9 DEB            
1 44976U 20001BQ  20035.07271771  .00074093  13870-4  11768-3 0  9997
2 44976  52.9934 253.2960 0003453  67.9202 292.2195 16.03840132  4486
FALCON 9 DEB            
1 44977U 20001BR  20034.69010603  .00143714  20549-4  21280-3 0  9998
2 44977  52.9938 255.1814 0004621 106.6669 253.4869 16.04613578  4420
TJS-5                   
1 44978U 20002A   20035.14575516  .00000053  00000-0  10000-3 0  9992
2 44978   0.9661 282.9486 0001847  20.5761  61.2777  1.00274338   408
CZ-3B R/B               
1 44979U 20002B   20025.81289763  .00098988  13069-5  13682-2 0  9998
2 44979  27.4112 326.7499 7228361 190.9769 134.5459  2.39983624   436
2020-003A               
1 45016U 19003A   20035.21536769  .00000621  00000-0  26108-4 0  9998
2 45016  97.3345 103.7731 0012219 191.3747 168.7218 15.27017832  3066
NUSAT-7 (SOPHIE)        
1 45017U 20003B   20035.22600689  .00000870  00000-0  35204-4 0  9998
2 45017  97.3350 103.7919 0012378 194.8492 243.3716 15.27293376  3064
NUSAT-8 (MARIE)         
1 45018U 20003C   20035.22752221  .00000897  00000-0  36465-4 0  9998
2 45018  97.3360 103.7889 0011914 192.0499 246.0632 15.27058965  3064
2020-003D               
1 45019U 20003D   20035.14495638  .00000741  00000-0  30287-4 0  9990
2 45019  97.3344 103.7149 0012976 198.1467 161.9311 15.27393979  3052
2020-003E               
1 45020U 20003E   20035.16656396  .00001447  00000-0  59308-4 0  9993
2 45020  97.2183 103.3980 0012546  32.9593 327.2426 15.25767917  3061
2020-003F               
1 45021U 20003F   20035.14367691  .00001894  00000-0  73062-4 0  9998
2 45021  97.3688 103.8017 0006660 210.0703 150.0155 15.27514947  3056
2020-003G               
1 45022U 20003G   20035.11822148  .00001881  00000-0  68153-4 0  9990
2 45022  97.2978 103.6585 0019481 222.3935 137.5801 15.29463884  3057
2020-003H               
1 45023U 20003H   20035.00451770  .00003250  00000-0  95577-4 0  9990
2 45023  97.4524 104.0936 0043993 240.0947 242.6293 15.34911138  3001
YINHE-1                 
1 45024U 20004A   20035.16839727  .00000027  00000-0  00000+0 0  9992
2 45024  86.3939  76.2571 0012596 189.4420 170.6565 14.80048799  2804
GSAT-30                 
1 45026U 20005A   20032.18382837 -.00000137  00000-0  00000-0 0  9993
2 45026   0.0950 273.0327 0003029  29.2107 335.6803  1.00270244   189
EUTELSAT KONNECT        
1 45027U 20005B   20034.26458881  .00000039  00000-0  00000+0 0  9997
2 45027   6.0515 251.4635 7002802 187.8479 148.3741  2.10963050   370
ARIANE 5 DEB [SYLDA]    
1 45028U 20005C   20034.13814283 -.00000133  00000-0  00000-0 0  9993
2 45028   5.9857 247.6521 7284199 192.4516 127.4804  2.28284318   396
ARIANE 5 R/B            
1 45029U 20005D   20034.43858834  .00004615  00000-0  45446-3 0  9991
2 45029   5.6785 249.1185 7283417 190.8760 133.7303  2.30155108   405
STPSAT-4                
1 45043U 98067QY  20034.97322124  .00002698  00000-0  56769-4 0  9997
2 45043  51.6434 292.5403 0005495 227.1395 132.9134 15.49194081   979
2019-071C               
1 45113U 19071C   20035.00692685  .00001128  00000-0  46708-4 0  9999
2 45113  51.6448 292.7655 0012546 294.9968  64.9711 15.32820383   503
2019-071D               
1 45114U 19071D   20034.87649036  .00001187  00000-0  48455-4 0  9992
2 45114  51.6427 293.3947 0011399 297.1085  62.8734 15.32862576   481
2019-071E               
1 45115U 19071E   20034.35493017  .00002850  00000-0  10000-3 0  9994
2 45115  51.6477 295.8996 0012638 293.3298  66.5455 15.32833864   387
2019-071F               
1 45116U 19071F   20035.00682122  .00001400  00000-0  55063-4 0  9994
2 45116  51.6443 292.7643 0010953 299.0938  60.8947 15.32853902   533
HUSKYSAT-1              
1 45117U 19071G   20034.87599187  .00002877  00000-0  10000-3 0  9997
2 45117  51.6412 293.3861 0010837 294.0833  65.8877 15.33119947   474
