DMSP 5D-2 F14 (USA 131) 
1 24753U 97012A   20035.04312875  .00000017  00000-0  31806-4 0  9990
2 24753  99.0285  50.0241 0008162 222.1269 137.9278 14.15884652179445
NOAA 15                 
1 25338U 98030A   20035.06250514  .00000026  00000-0  29749-4 0  9997
2 25338  98.7305  60.7059 0009459 295.8753  64.1451 14.25949797130077
DMSP 5D-3 F15 (USA 147) 
1 25991U 99067A   20035.09371712 -.00000110  00000-0 -32323-4 0  9998
2 25991  98.9516   5.5592 0010618 119.6277 313.9192 14.16498428 41427
METEOSAT-8 (MSG-1)      
1 27509U 02040B   20032.24036990  .00000143  00000-0  00000+0 0  9996
2 27509   6.4856  54.6778 0000973 243.7563 320.3067  1.00273032 63907
DMSP 5D-3 F16 (USA 172) 
1 28054U 03048A   20035.04370557 -.00000094  00000-0 -26284-4 0  9996
2 28054  98.8961  14.6701 0006576 242.0250 198.2396 14.13668980840905
NOAA 18                 
1 28654U 05018A   20035.14209115  .00000076  00000-0  66113-4 0  9996
2 28654  99.0648  90.1926 0013471 247.5569 112.4176 14.12486073758046
METEOSAT-9 (MSG-2)      
1 28912U 05049B   20035.07567859  .00000028  00000-0  00000+0 0  9996
2 28912   4.1407  70.6390 0000700 350.0009 104.0103  1.00279729 51764
HIMAWARI-7 (MTSAT-2)    
1 28937U 06004A   20034.88278507 -.00000234  00000-0  00000+0 0  9992
2 28937   0.0871 266.0565 0002494  34.0683 296.1840  1.00271802 51030
FORMOSAT-3 FM6          
1 29047U 06011A   20034.97562708  .00000136  00000-0  69627-4 0  9997
2 29047  71.9790  24.4595 0052677 292.4802  67.0762 14.28711345722128
FORMOSAT-3 FM1          
1 29048U 06011B   20034.99128724  .00000044  00000-0  33683-4 0  9997
2 29048  71.9669 295.4996 0045766 251.9241 107.6907 14.28677424724603
FORMOSAT-3 FM5          
1 29049U 06011C   20034.92981692  .00000027  00000-0  27123-4 0  9995
2 29049  72.0207 106.5084 0037205 279.0159  80.6767 14.28760248720384
FORMOSAT-3 FM3          
1 29050U 06011D   20035.02141018  .00000119  00000-0  35482-4 0  9998
2 29050  72.0145 266.1506 0051085 210.9001 148.9144 14.58874685736828
FORMOSAT-3 FM4          
1 29051U 06011E   20035.14288003  .00000040  00000-0  31449-4 0  9990
2 29051  72.0064   8.3817 0067611 159.0062 201.3875 14.28788476723002
FORMOSAT-3 FM2          
1 29052U 06011F   20034.87202404  .00000058  00000-0  38809-4 0  9997
2 29052  72.0340  82.7417 0042232 240.9811 118.7091 14.28892238721298
GOES 13                 
1 29155U 06018A   20034.83158178 -.00000023  00000-0  00000-0 0  9993
2 29155   0.3613  93.6441 0008694 178.9864 236.1379  0.99971289 20056
METOP-A                 
1 29499U 06044A   20035.09034251 -.00000002  00000-0  18328-4 0  9990
2 29499  98.5438  86.3502 0000564  84.4332 107.4823 14.21494963689792
DMSP 5D-3 F17 (USA 191) 
1 29522U 06050A   20035.04172117  .00000018  00000-0  32443-4 0  9993
2 29522  98.8098  53.4068 0009765 194.0227 166.0676 14.14014442683736
FENGYUN 3A              
1 32958U 08026A   20034.99102363 -.00001032  00000-0 -47847-3 0  9996
2 32958  98.3949  27.7702 0008709  15.0447 345.1077 14.18615988605763
FENGYUN 2E              
1 33463U 08066A   20034.83513916 -.00000195  00000-0  00000-0 0  9990
2 33463   4.0619  68.8737 0004811 282.4965 169.3711  1.00265921 40772
NOAA 19                 
1 33591U 09005A   20034.99526098  .00000047  00000-0  51039-4 0  9995
2 33591  99.1940  36.8521 0014942  92.7139 267.5742 14.12394290566422
GOES 14                 
1 35491U 09033A   20034.29316119 -.00000085  00000-0  00000+0 0  9991
2 35491   0.0161  63.6976 0010841 172.2983 258.2885  1.00272589 38839
METEOR-M 1              
1 35865U 09049A   20035.00501028  .00000034  00000-0  34205-4 0  9990
2 35865  98.4280  27.8379 0001704 195.5718 164.5409 14.22225335538806
DMSP 5D-3 F18 (USA 210) 
1 35951U 09057A   20035.08985365  .00000054  00000-0  51487-4 0  9996
2 35951  98.6355  29.5636 0011732  36.5981 323.5992 14.13244706531035
GOES 15                 
1 36411U 10008A   20034.93443302  .00000062  00000-0  00000+0 0  9998
2 36411   0.0560 260.7344 0000836 229.2689 211.7919  1.00279723 36357
COMS 1                  
1 36744U 10032A   20034.98557372 -.00000336  00000-0  00000+0 0  9997
2 36744   0.0251 134.6428 0001145 169.7545 312.1581  1.00271968 35339
FENGYUN 3B              
1 37214U 10059A   20035.08747239  .00000003  00000-0  25023-4 0  9991
2 37214  99.0310  14.8570 0016018 289.5681  70.3764 14.15937825478664
SUOMI NPP               
1 37849U 11061A   20035.00188454 -.00000005  00000-0  18295-4 0  9995
2 37849  98.7249 334.8165 0000740  77.6213  54.1228 14.19542288428548
FENGYUN 2F              
1 38049U 12002A   20034.83882237 -.00000350  00000-0  00000-0 0  9998
2 38049   1.7556  83.4642 0002747  16.8075  87.3324  1.00274458 29575
METEOSAT-10 (MSG-3)     
1 38552U 12035B   20034.96193275  .00000073  00000-0  00000+0 0  9994
2 38552   1.0106 358.8501 0000733 281.2352 209.3012  1.00272080 27904
METOP-B                 
1 38771U 12049A   20035.04711351 -.00000016  00000-0  12712-4 0  9999
2 38771  98.7121  96.2804 0001784  68.1716 355.1347 14.21484897382924
FENGYUN 3C              
1 39260U 13052A   20035.14225616 -.00000023  00000-0  97568-5 0  9994
2 39260  98.5720  90.7628 0010219 238.6810 121.3364 14.15830900329618
METEOR-M 2              
1 40069U 14037A   20035.09404186 -.00000043  00000-0 -29143-6 0  9990
2 40069  98.5222  77.5849 0004784 322.0156  38.0690 14.20669459289136
HIMAWARI-8              
1 40267U 14060A   20034.91628795 -.00000267  00000-0  00000+0 0  9991
2 40267   0.0351 202.7156 0001044  98.1119 303.2352  1.00272781 19546
FENGYUN 2G              
1 40367U 14090A   20035.05161137 -.00000294  00000-0  00000+0 0  9993
2 40367   1.7654  96.6257 0002872 324.8142 189.9906  1.00282443 18727
METEOSAT-11 (MSG-4)     
1 40732U 15034A   20034.96027528  .00000016  00000-0  00000+0 0  9993
2 40732   0.5923 234.1566 0000829 151.1753  94.9185  1.00283240 16728
ELEKTRO-L 2             
1 41105U 15074A   20035.21507502 -.00000089  00000-0  00000+0 0  9997
2 41105   0.8815  99.6500 0001110 248.8436 298.7340  1.00270989 15209
HIMAWARI-9              
1 41836U 16064A   20034.76229758 -.00000267  00000-0  00000-0 0  9990
2 41836   0.0437 276.7406 0001092  20.2304 251.5797  1.00271220 11871
GOES 16                 
1 41866U 16071A   20034.58609971 -.00000240  00000-0  00000+0 0  9990
2 41866   0.0449  93.5802 0000600 240.1653 295.2601  1.00271923 11785
FENGYUN 4A              
1 41882U 16077A   20034.89035705 -.00000322  00000-0  00000-0 0  9998
2 41882   0.0416  54.7597 0004294  41.8198 102.1482  1.00271042 11662
CYGFM05                 
1 41884U 16078A   20035.08015186  .00000295  00000-0  17329-4 0  9998
2 41884  34.9559 174.5958 0016718 285.5818  74.3048 15.14543002173722
CYGFM04                 
1 41885U 16078B   20033.77785603  .00000499  00000-0  27741-4 0  9996
2 41885  34.9489 176.6127 0015142 282.9575  76.9446 15.15050353173584
CYGFM02                 
1 41886U 16078C   20033.77069393  .00000323  00000-0  18570-4 0  9994
2 41886  34.9580 178.2947 0015841 279.5314  80.3607 15.15051202173575
CYGFM01                 
1 41887U 16078D   20035.09813318  .00000292  00000-0  17263-4 0  9999
2 41887  34.9525 175.4144 0017179 286.6002  73.2822 15.14356936173719
CYGFM08                 
1 41888U 16078E   20035.06083985  .00000306  00000-0  17801-4 0  9990
2 41888  34.9496 171.9922 0016320 291.9246  67.9730 15.14769602173736
CYGFM06                 
1 41889U 16078F   20034.40796685  .00000339  00000-0  19396-4 0  9993
2 41889  34.9576 173.0200 0014773 284.9196  74.9879 15.15043355173670
CYGFM07                 
1 41890U 16078G   20035.04533749  .00000310  00000-0  17885-4 0  9996
2 41890  34.9515 168.2144 0014524 293.0419  66.8760 15.15043697173770
CYGFM03                 
1 41891U 16078H   20034.44728818  .00000333  00000-0  19086-4 0  9993
2 41891  34.9546 172.1386 0014043 286.9126  73.0045 15.15040340173687
FENGYUN 3D              
1 43010U 17072A   20035.11269971 -.00000132  00000-0 -41559-4 0  9997
2 43010  98.7384 336.0687 0002599 100.7382 259.4106 14.19734869115138
NOAA 20                 
1 43013U 17073A   20035.08232959 -.00000003  00000-0  19540-4 0  9994
2 43013  98.7449 334.9784 0001234  65.9255 294.2050 14.19538926114594
GOES 17                 
1 43226U 18022A   20033.71224597  .00000106  00000-0  00000+0 0  9991
2 43226   0.0215  92.6318 0000591 230.8249 288.0992  1.00273730  7108
FENGYUN 2H              
1 43491U 18050A   20035.07965981 -.00000120  00000-0  00000+0 0  9993
2 43491   0.9749 277.7148 0001431 234.7212  89.2217  1.00274247  6190
METOP-C                 
1 43689U 18087A   20034.86122395 -.00000044  00000-0  00000+0 0  9997
2 43689  98.7172  96.2858 0003504  34.9900 325.1507 14.21691001 64470
GEO-KOMPSAT-2A          
1 43823U 18100A   20034.98566095 -.00000336  00000-0  00000+0 0  9999
2 43823   0.0177 109.7528 0000711 279.4998 227.4700  1.00268275  4340
IOD-1 GEMS              
1 44385U 98067QK  20035.07166220  .00012053  00000-0  17538-3 0  9996
2 44385  51.6407 286.4850 0003316 172.3350 187.7693 15.56191353 33530
METEOR-M2 2             
1 44387U 19038A   20035.20142444 -.00000022  00000-0  91896-5 0  9991
2 44387  98.6015 358.0409 0000213 255.6229 104.4926 14.23675748 30436
