APRIZESAT 2             
1 28366U 04025A   20034.95193683 -.00000003  00000-0  12665-4 0  9997
2 28366  98.2815 291.2308 0108642  50.9222 310.1569 14.36694188817681
SAUDICOMSAT 1           
1 28369U 04025D   20034.07699867  .00000031  00000-0  18893-4 0  9997
2 28369  98.3220 345.8051 0032659 310.0477  49.7854 14.52531689826273
SAUDICOMSAT 2           
1 28370U 04025E   20035.09281499  .00000011  00000-0  15116-4 0  9993
2 28370  98.4166 343.3948 0059013 103.5958 257.1816 14.47464823823601
APRIZESAT 1             
1 28372U 04025G   20033.59291752  .00000032  00000-0  20184-4 0  9995
2 28372  98.3759 343.2367 0047125  35.5345 324.8972 14.49614225824655
NANOSAT-1               
1 28493U 04049B   20035.03215051  .00000027  00000-0  11978-4 0  9999
2 28493  98.1240 124.6576 0004930 159.5256 200.6150 14.73551293812568
SAUDICOMSAT 7           
1 31119U 07012C   20034.87588355  .00000027  00000-0  14952-4 0  9997
2 31119  98.0812 343.6458 0058767 280.4883  78.9701 14.61765891682448
SAUDICOMSAT 6           
1 31121U 07012E   20034.77975830  .00000048  00000-0  20229-4 0  9994
2 31121  98.1359 338.1817 0076802   5.9247 354.2843 14.58565745680896
SAUDICOMSAT 5           
1 31124U 07012H   20035.12969769  .00000020  00000-0  13099-4 0  9998
2 31124  98.0452 346.6696 0050478 234.9573 124.6888 14.63467131683233
SAUDICOMSAT 3           
1 31125U 07012J   20033.98167126  .00000076  00000-0  22951-4 0  9996
2 31125  98.0064 348.4735 0042872 194.6463 165.3501 14.65220381683764
SAUDICOMSAT 4           
1 31127U 07012L   20035.09748262  .00000038  00000-0  17741-4 0  9997
2 31127  98.1091 341.5941 0067253 320.3305  39.2986 14.60280059681782
APRIZESAT 4             
1 35684U 09041D   20033.95542842  .00000041  00000-0  13170-4 0  9998
2 35684  98.2582   8.9185 0045948 247.3820 112.2527 14.79250855567104
APRIZESAT 3             
1 35686U 09041F   20034.58242858  .00000050  00000-0  12045-4 0  9994
2 35686  98.2037  87.2332 0074015 127.1571 233.6435 14.87358974570087
AISSAT 1                
1 36797U 10035C   20034.95847595  .00000123  00000-0  20604-4 0  9994
2 36797  98.1502 180.2510 0012478 101.0155 259.2463 14.86263571518144
S-NET D                 
1 43186U 18014G   20033.87324011  .00000120  00000-0  15585-4 0  9991
2 43186  97.7015 303.8546 0010220 324.2855  35.7682 14.96742907109411
S-NET B                 
1 43187U 18014H   20035.00956120  .00000191  00000-0  21756-4 0  9996
2 43187  97.7013 304.9557 0010091 320.1786  39.8694 14.96743300109582
S-NET A                 
1 43188U 18014J   20035.00940665  .00000182  00000-0  20969-4 0  9999
2 43188  97.7016 304.9802 0010093 320.3138  39.7344 14.96742926109588
S-NET C                 
1 43189U 18014K   20034.47495504  .00000165  00000-0  19517-4 0  9995
2 43189  97.7012 304.4255 0010141 322.0661  37.9846 14.96742315108056
